0.3269404195,0.0213501183
0.6822918875,0.0321105362
0.3667033657,0.0254945944
0.3394541184,0.0279207247
0.1476977209,0.0424456157
0.2141973129,0.0176237187
0.563291876,0.0411126954
0.4762653728,0.0438722505
0.0938300294,0.0560440631
0.3270139549,0.0488210614
0.1974804079,0.0396345234
0.2596745542,0.0214680729
0.4110536144,0.0175766418
0.2855882939,0.0395254081
0.4892901895,0.0446542494
0.3000660793,0.0112127512
0.039245497,0.0183742717
-0.0370357206,0.0388177983
0.0870670871,0.004646739
0.039346226,0.007528151
0.4360390427,0.0603155116
0.5013533909,0.0488566152
-0.0174088824,0.0070317371
0.2962131347,0.0138040143
0.2342048737,0.0488855462
0.5851289955,0.0462718755
0.6701645696,0.0435384584
0.2547845113,0.0483703003
0.2319971326,0.0302394783
0.2989931303,0.0651800846
0.1186658474,0.011162731
0.3291479344,0.0380784527
0.4262383531,0.0271801419
0.1698044222,0.0384191363
0.4467159327,0.0247544049
0.2431015598,0.0445114181
0.1707606288,0.0289360806
0.2115092297,0.0117305749
0.3661787815,0.0249887709
0.5023319031,0.0396927626
-0.0301518861,0.0394000933
0.5186449153,0.0557876654
0.239264842,0.0557212016
0.2098456741,0.0147995448
0.1877833606,0.0315252941
0.3884703461,0.0179278621
0.2580417367,0.0545842004
0.1943026793,0.0131847199
0.0744233313,0.0071850824
0.4939745069,0.0362237505
0.0908252752,0.0310187187
0.0187610693,0.0232054689
0.1814666675,0.0345158777
0.3563660867,0.0435809828
0.5208450908,0.0208630347
0.0891881204,0.0084163365
0.2158358428,0.0217817805
0.2286376727,0.0103681252
0.5775387332,0.0442189575
0.3385949196,0.0343573616
0.1072421766,0.0270067433
0.246760568,0.0030504593
0.374521844,0.0325977019
0.0941887866,0.0304932463
0.8440481343,0.0733241132
0.3864521173,0.0103960037
0.4571359845,0.0583470167
0.1598859081,0.0158828788
0.2618248466,0.0418836776
0.4971458201,0.0296461052
0.4330267557,0.0194524639
0.4421716677,0.0352720057
0.0496368167,0.0278878731
0.5021110859,0.0311754641
0.4021889769,0.02230507
0.3425477874,0.0202315587
0.189364299,0.0241317204
0.4386068599,0.0156514798
0.1510313794,0.0280869142
0.0535259206,0.0412361283
0.3346797219,0.0136480105
0.5390721432,0.0317018731
0.2449460033,0.0184168984
0.2762580963,0.039199837
-0.0138108356,0.0047311442
0.0278688431,0.0399772732
0.5517010834,0.0536698281
0.5224026721,0.0093775463
0.3931285688,0.0301355203
0.2138923765,0.0077866112
0.2131634851,0.0180197998
0.4285540274,0.0091970515
0.3105718042,0.0044666
0.1297752014,0.0445847339
0.3667492183,0.0272809455
0.5284062311,0.0332352381
0.1508596065,0.0106599245
0.343708145,0.0574465753
0.2187102367,0.0162454679
0.0503489807,0.0413361279
0.1639472167,0.0070405317
0.3116508799,0.037600542
0.498391011,0.0503489812
0.173708288,0.0352982404
0.1246661384,0.0266509135
0.2093978278,0.0333288093
0.2415099983,0.0212704994
0.219940297,0.0497486752
0.2885631784,0.0213102142
0.5972688922,0.0460751781
0.2737093788,0.0230499305
0.2222670911,0.0185108083
0.4363926061,0.0553660437
0.3025690177,0.0364434819
0.1268355893,0.0057182014
0.3064812618,0.0307634867
-0.0076101184,0.0099757689
0.4925458914,0.0255768926
0.3547827938,0.0774913814
0.3886414704,0.0315642522
0.3693228921,0.0289363539
0.4178864587,0.0417958872
0.6648229611,0.0423748072
0.2629953422,0.0573638486
0.610242793,0.0611940764
0.3697026071,0.0479196807
0.1762031389,0.0070052188
0.3079105339,0.0224630269
0.208808363,0.0176625092
0.0823096539,0.0223435002
0.4786803128,0.0315862548
0.3793275348,0.0390369911
0.1781173795,0.0377326797
0.2003325659,0.0307460925
0.3496502714,0.0128563583
0.132150668,0.0359865635
0.4310616954,0.0226762844
0.1612433066,0.0091624245
0.1749681951,0.0253265869
0.249036259,0.0337814928
0.1536054661,0.0182878407
0.627545078,0.0561476499
0.2051581549,0.0226226833
0.0644478265,0.0020795445
0.298168317,0.0309662145
0.4374425524,0.0178452467
0.2354770178,0.0417469918
0.5271282103,0.0246032209
0.5466644197,0.0391276096
0.3045168355,0.0500219956
0.3238761394,0.021988642
0.3997182311,0.0372164113
0.1941828813,0.0311163631
0.3377740932,0.0270477609
0.333088901,0.0470377712
0.1324195156,0.0202916726
0.2356574088,0.037286485
0.3722162577,0.0092997531
0.7324048113,0.0650492739
0.2769868623,0.0123912843
-0.1080414333,0.0221069239
0.467583276,0.0251011301
0.4601122814,0.0351246602
0.2991722264,0.0312653004
0.4920264894,0.0372734094
0.5687151218,0.02755852
0.2587008859,0.0259729507
0.3273803743,0.0331294279
0.2964805364,0.0584031078
0.2260745787,0.015292068
0.7250180169,0.059927753
0.4719710143,0.0198137789
0.2863715545,0.0546335578
0.2592034849,0.0060561811
0.4308795178,0.0415110248
0.1279105201,0.0128008446
0.3359325068,0.0467855645
0.0908103892,0.0190625259
0.1162056718,0.033719983
0.1332349126,0.0337810747
0.4021987111,0.0217573371
0.2766000631,0.0689989745
0.020322895,0.0223925474
0.2065715651,0.0222314979
0.4008062235,0.0159863122
0.4087665145,0.020749111
0.1567893416,0.001498872
0.3439580335,0.0311487409
0.4629539691,0.0177640397
0.1144100058,0.032272063
0.0595910081,0.0096119322
0.2060749127,0.0169490416
0.0853449398,0.0021184129
0.2375551718,0.0454068614
0.3321955221,0.0313902992
0.4530127513,0.0530115378
0.650188578,0.0637214988
0.3515303568,0.0329227992
0.4076906093,0.0521802443
0.027375205,0.02289299
0.6612940082,0.0313768796
0.5033047756,0.0303605347
0.0890216421,0.052980787
0.3316157362,0.031614863
0.2348020838,0.0109961255
0.3888147313,0.0259903158
0.4627459168,0.0155889367
0.3715541575,0.0330954702
0.7231453835,0.0420998067
0.7061876119,0.0519709101
0.282653267,0.0205250664
0.423516446,0.0221306444
0.0422067925,0.0119606391
0.5204255463,0.0553136426
0.3320938245,0.0243314179
0.3495387625,0.0254332132
0.5584469134,0.0350339355
0.5304392493,0.0391980464
0.0137567469,0.0161343131
0.2423396568,0.0392901474
0.4525328225,0.0105331786
0.3721129558,0.0323833034
0.0219852965,0.0279086639
0.4408419967,0.0322998413
0.3107950553,0.018923729
0.2337075408,0.0206951869
0.3275169186,0.0462372448
0.3688440755,0.0429531652
0.355605355,0.0084240638
0.4798552764,0.0376480138
0.3609646404,0.0089507982
0.0533758562,0.026978699
0.2776096105,0.0106821605
-0.1917117725,0.0225957797
0.3680964376,0.0406964512
0.0077281642,0.0396250413
0.3043302541,0.0060960816
0.2766822188,0.0512018229
0.1932429855,0.0345691315
0.3442843967,0.0238148556
0.1437294617,0.0234647017
0.4651934831,0.0214284559
0.1901562807,0.0369252609
0.3377919121,0.0274348601
0.1740725374,0.01160844
0.4880962391,0.0207830158
-0.0289397159,0.0422945845
0.3412712663,0.0135209149
0.3190104224,0.0404398956
0.1261244432,0.0232305377
0.3124731859,0.0159435941
0.2081952031,0.0186797485
0.3497721459,0.0253180866
0.312576008,0.0408574915
0.4793092321,0.0499539524
0.1229751178,0.0182534869
0.3326282649,0.0425104657
0.3411216258,0.0315841256
0.4548437606,0.0171702675
0.0609380283,0.0161167495
0.2340217056,0.0344596562
0.2071199971,0.0269012396
0.3085130773,0.0193842065
0.3221764927,0.0067997832
0.2079365962,0.0323494313
0.392092273,0.0444939589
0.5075548496,0.0160510035
0.2509685567,0.0635022329
0.3411115235,0.0347664032
0.244739906,0.0124507951
-0.0461280725,0.0254787612
0.0821961959,0.0220897899
0.4643016507,0.0253071886
0.2534300035,0.018753856
0.1457495801,0.046660056
0.4597181766,0.0222437324
0.3002719438,0.0441726237
0.2450541614,0.0274048641
-0.0299954541,0.0306966782
-0.099070308,0.0400328557
0.2954236571,0.0096647771
0.3321576078,0.0119988328
0.6419152606,0.0335171481
0.1858920651,0.0292037536
0.5526499512,0.0459679282
0.0213669671,0.0382955292
0.3738466114,0.0166800319
0.2629531288,0.024396454
0.5001098769,0.074778573
0.4126439162,0.0387089866
0.2375545485,0.0337313717
0.637375225,0.0240643585
0.8045572741,0.0431327508
0.3411951165,0.023301993
0.2427027108,0.0108161621
0.5361593025,0.031934478
0.4187590099,0.0205372698
0.4718582454,0.0513465875
0.3051553211,0.0298196669
0.1188186228,0.0433554758
0.2027305264,0.0286070472
0.4791753941,0.0354833662
0.5564987166,0.0444035759
0.3844315044,0.0540456147
-0.013817452,0.0127504009
0.1565829571,0.0412123666
0.2218058802,0.0168256052
0.618617867,0.0359515528
0.4131061489,0.0332284998
0.3497184279,0.0348481659
0.6718332243,0.0137740155
0.2605731149,0.0227077355
0.2826624499,0.0461952492
0.1663720277,0.0237640005
0.2863863799,0.0123856026
0.3226154108,0.0592970483
0.234928163,0.0232212621
0.2479695777,0.0205330778
0.1938950221,0.0367766381
0.4765745212,0.0279848983
0.6896384546,0.0377473996
0.259258958,0.031531898
0.2170174737,0.0215709905
0.0399458957,0.0125079774
0.163188539,0.0152233414
0.1575857475,0.058111192
0.1838907983,0.0241646311
0.2878787817,0.0261437629
0.2825268676,0.0177630087
0.4837682927,0.015833881
0.3685321501,0.0177627394
0.3943965522,0.0202940936
0.1234931045,0.0279545909
0.2808762553,0.0023019602
0.4816237202,0.0338845493
0.0929786859,0.0065721016
0.2883659231,0.0364347087
0.4774164268,0.0444991606
0.0564991216,0.0428896135
0.170163601,0.0147021587
0.4411501708,0.0079915554
0.4007950182,0.0164247082
0.4705664215,0.0616028642
0.4053277614,0.0286828849
0.3206494124,0.0488801966
0.5517386238,0.0439226853
0.1333780887,0.0062494273
0.5858673369,0.0405505183
-0.0202020354,0.0256966166
0.5211617888,0.017257467
0.7080117075,0.0536848601
0.2799316027,0.0060845097
0.2606311848,0.0463326932
0.4045952787,0.0329652535
0.2633029777,0.0056939857
0.5428596944,0.0366566439
0.4764766267,0.0565638689
0.4336314431,0.0291187727
0.3796247872,0.059478817
0.503326462,0.0154450198
0.1366529791,0.0086129997
0.1378613635,0.0477414026
0.1866491238,0.012443028
0.3359691236,0.0066734659
0.2992972772,0.040567478
0.3546404648,0.0476221438
0.232069441,0.054849239
0.148568347,0.0392802786
0.4411512631,0.032408677
0.1995562862,0.0459102959
0.5445274322,0.0444760976
0.3030671204,0.0722804152
0.2269961974,0.026992159
0.5903350304,0.031206714
0.0826312733,0.011957124
0.3497161957,0.0315919804
0.3310267651,0.0070701299
0.1684312753,0.0326073
0.3627560912,0.027734062
0.3958300035,0.0236807702
0.3002751701,0.0110184234
0.6334229318,0.0357098121
0.3258616846,0.013765036
0.1975256689,0.0362819171
0.2822806973,0.0044094339
0.2968777791,0.0174434931
0.3082670236,0.0335584805
0.2489653868,0.0421611248
0.2538280141,0.0208782401
0.5143154999,0.0467868817
0.1068503083,0.0165351073
0.2021973643,0.0328486807
0.2933899964,0.0426144241
0.3519391004,0.0410026245
0.264646744,0.0234302276
0.2946693317,0.0104776469
0.3009179816,0.0323848443
0.1534180631,0.0083255644
0.6419380857,0.0518964916
-0.1644654161,0.0387369271
0.5008892771,0.0234927732
0.2934331221,0.0150068659
0.0496837232,0.0310154215
0.4279827555,0.0497739452
0.2982852797,0.0338818308
0.4040164602,0.036274457
0.4104467192,0.02781041
0.3513810096,0.0356118716
0.339891088,0.0414022509
0.2612831122,0.0216340112
0.3165842616,0.040292589
0.4588259689,0.0249668599
0.0415522083,0.0126025535
0.3209541865,0.0056087409
0.2429680208,0.0118552327
0.3676972725,0.0144508874
0.6417833023,0.0417461222
0.4504585073,0.0103932729
0.1703943307,0.0415623831
0.3489003186,0.0341197916
0.6497868541,0.0403238879
0.2166693293,0.0405195369
0.3523302653,0.0069180095
0.5848693176,0.0314514029
0.0659927867,0.0198796837
0.0385166551,0.0244132955
0.3031265319,0.0259320883
0.3265079881,0.0480649408
0.3952254185,0.0352986959
0.0646815436,0.0183999073
0.4450578721,0.0319232565
0.2785099983,0.0253924796
0.326761739,0.0455730029
0.1439707392,0.028308679
0.2345141613,0.014604548
0.2848359951,0.0242205556
0.7007097906,0.0433787357
0.2382127042,0.0348715499
0.3081263814,0.0347674948
0.6678569548,0.0345317347
0.0797595037,0.0097205267
0.4681380893,0.0268463716
0.1339151628,0.0045243155
0.0497188847,0.0224488267
0.177729971,0.0310676051
0.3383784308,0.051991918
0.2829715158,0.0125963742
0.1875555742,0.0145094826
0.3848106459,0.0340401393
0.3483603002,0.040317646
0.5693964068,0.0679107945
0.105844708,0.0124009879
0.1667433862,0.0356321026
0.23799875,0.0334858934
0.0479855627,0.0221505806
0.4328250477,0.0568657246
0.5387116793,0.0492697573
0.1658966134,0.0324973295
0.1956909261,0.0296061883
0.0896123701,0.0117537034
0.5484555253,0.0155262807
0.472407859,0.027196816
0.3684439888,0.0193514296
0.4638659457,0.0470968082
0.0761110373,0.0204807648
0.1723403241,0.030821682
0.2075255999,0.0255305211
0.4482258987,0.0355133642
0.2822662919,0.0109807834
0.5211470047,0.0556243464
0.3812400781,0.0452348832
0.0847200864,0.0317982936
0.0254988313,0.0383387715
0.3352973065,0.0174294079
0.1761763616,0.0092850524
-0.0562926366,0.0278911198
0.3345845395,0.0170100424
0.2138266327,0.0381770711
0.2829042322,0.0339379812
0.4469640521,0.0159467828
0.1775930617,0.0326504451
0.1777523776,0.0188591592
0.2937399394,0.0249150281
0.1610014246,0.0510758854
0.4159987863,0.015294803
0.0882370521,0.0105933678
0.2234237356,0.0347919893
0.1759613563,0.0257353934
0.1899099014,0.0079565283
0.4224761836,0.0171344998
0.4010327905,0.0521602599
0.4004224273,0.0438493369
0.5206155178,0.0351283426
0.4996183925,0.0524897925
0.3952345808,0.0407869351
0.6518420621,0.0377685181
0.0323615519,0.0291801763
0.2917447114,0.0257729562
0.2014393127,0.0154494624
0.2792160101,0.0107252202
0.5336214889,0.0446651729
0.3551903287,0.0062614425
0.4813654629,0.0485094362
0.394777085,0.0670084456
0.3174715567,0.0103178037
0.438901155,0.0429019236
0.2164036164,0.0654881337
0.3955685212,0.01850252
0.1729926303,0.0288479279
-0.0165346747,0.0371685788
0.1958054028,0.0439665167
0.3046992891,0.0210373225
0.1920897765,0.0419844902
0.2722433168,0.0581291112
0.5979725609,0.0165141174
0.1109692857,0.0178990561
0.2510631139,0.0354749214
0.2706672946,0.0161192513
0.5497114739,0.0579574079
0.0959999871,0.0174335028
0.5263988395,0.0198445082
0.1937553321,0.0223159135
0.2884974642,0.0279435704
0.5590204404,0.0404851016
0.5544727679,0.0430630998
-0.1466063604,0.025506497
0.5890256233,0.042923725
0.484670226,0.0429131518
0.4762248192,0.0221024303
0.1376555919,0.011883477
0.4374961535,0.0448528443
0.44101421,0.0418219976
0.3134385428,0.0151051061
0.3683767446,0.0287605513
0.2996967491,0.0434782385
0.4556875077,0.0365066466
0.1027972583,0.0270508593
0.4654015465,0.0452127538
0.4478255374,0.0538590857
0.307010687,0.0381174762
0.3265142822,0.0295879301
0.2523147012,0.0409590072
0.5255501858,0.0280872382
0.5222476423,0.0484159584
0.4289656101,0.0128889891
0.2121732701,0.0255690887
0.2813155073,0.0231074749
0.3946783673,0.0418415366
0.0318108799,0.0173308154
0.320965689,0.0250702681
0.2885444038,0.0199532376
0.1256428547,0.0146974042
0.1400995937,0.0154008225
0.4493748284,0.0403291918
0.2855677097,0.0243127349
0.4604179488,0.0427580211
0.0295662105,0.0203552593
0.3006381803,0.0301398306
0.3208404589,0.0178962694
0.1815060833,0.0192198836
0.1912066686,0.0153327353
0.3920292516,0.0215399824
0.5815359168,0.0162894331
0.2096397146,0.0126262999
0.2906573976,0.0116681524
0.1683881317,0.0378096776
0.5327647828,0.0112039867
0.4713337399,0.039333539
0.5613054,0.0480284917
0.2528701087,0.059037949
0.3891505111,0.0422490019
0.4807094055,0.0131964374
0.4440398981,0.0298767983
0.320770281,0.0323777888
0.3587242313,0.0356983406
0.4809085462,0.0341422015
0.2121270473,0.0086316412
0.2788200139,0.0259348405
0.2108000539,0.0179376389
0.5393497933,0.0297423704
0.3247450156,0.0230808841
0.1526576366,0.015855799
0.1936113479,0.0471792495
0.1637863256,0.0138103776
0.0856917141,0.0037560318
0.0440207541,0.0323769061
0.3061389602,0.0353653899
0.3644578549,0.0241487587
0.2047249743,0.0291488865
0.3431944692,0.0473920373
0.0873509748,0.0329706786
0.2960451893,0.0473148548
0.3456109581,0.0062437676
0.5517354277,0.0283426385
0.1870688982,0.0127142752
0.226981331,0.0242061192
0.407574716,0.0421617601
0.2331396584,0.026384045
0.1770110564,0.0361438807
0.4132411805,0.0434913845
0.1466278212,0.0193445002
-0.0245385266,0.0338481782
0.5319976121,0.0511744109
0.3578102705,0.0070546201
0.4587673653,0.012653225
0.0791225871,0.0314051225
0.1721953046,0.0197621319
0.0673633578,0.0150527642
0.3509745935,0.0095182964
0.2452923273,0.0193133577
0.087390996,0.0143994273
0.1907968894,0.038805378
0.2871837967,0.0167743981
0.3767630308,0.023190898
0.4578973252,0.0239104745
0.327964131,0.0247561663
0.3112804033,0.0295427778
0.1836747491,0.0413964417
0.4449467484,0.030584757
0.6361806222,0.0236699888
0.1710874847,0.0368785167
0.5968820416,0.0394660478
0.3378431935,0.0402537242
0.1492105039,0.0294960155
0.3849184661,0.015547892
0.6171337378,0.05528653
0.4428752785,0.0378266145
0.1144995342,0.034507837
0.3354521318,0.0199677982
0.2960187237,0.0447636498
0.1245041925,0.0220891147
0.6111320153,0.0507093761
0.2833843459,0.0644029288
0.1555421434,0.0407173857
0.1890560753,0.0092036173
0.3989931229,0.0394497679
0.2381083679,0.029294064
0.3028233101,0.015510042
0.2671212659,0.0387454354
0.1001575817,0.0182251897
0.484730496,0.0320645433
0.0419125303,0.0156775937
0.2215303269,0.0385975729
-0.0759212169,0.0273742037
0.2170535499,0.0209622252
0.4002822959,0.0165899106
0.2538825263,0.0281266158
0.3293286613,0.0351959586
0.5294849088,0.0501502435
0.3100997906,0.003732418
0.2644414322,0.0400226559
0.201027682,0.0263183547
0.3121768844,0.0311896965
0.2450177443,0.0378405862
0.1922777841,0.0337923205
0.2990848574,0.0212652759
0.5379229699,0.0231252444
0.0579390322,0.009857388
0.0249526926,0.0268363963
0.3572097438,0.0648325361
0.2572671307,0.0157135527
0.4085645007,0.0344637652
0.2406374369,0.0230411094
0.2081253829,0.0266682421
0.2448112995,0.0475114012
0.2563696991,0.0586163538
0.5272424656,0.0503530958
0.169708366,0.0421199425
0.2144079719,0.0399596911
0.3411721494,0.0208730107
0.2730361874,0.034944537
0.2279074765,0.0145328929
0.3134646266,0.027486895
0.3999258055,0.0607086604
0.3647965277,0.0307904699
0.2309369186,0.0242809336
0.2007570958,0.0260486978
0.2844062053,0.0340788902
-0.1398940653,0.030718544
0.4761011062,0.0395241792
0.555097256,0.048065067
0.2800036197,0.0190491227
0.2892567674,0.014063241
0.1473221919,0.0149160187
0.6779472485,0.0186985185
0.2088827174,0.0189767621
0.2914664204,0.0070256034
0.5042719339,0.0432413858
0.0966167507,0.0154028553
0.2281220326,0.0436732471
0.3618256529,0.0452595433
0.3975648265,0.0316805823
0.5270099969,0.009733802
0.4619708013,0.0394592257
0.4564393906,0.042504362
0.1502602971,0.0327665697
0.2320417994,0.0409142102
0.2523569587,0.0141540557
0.2836709907,0.0450730917
0.251928232,0.0398483443
0.1566548782,0.0135943635
0.2829879991,0.0395326221
0.2621346324,0.0032557397
0.547602718,0.0582122929
0.0799061718,0.011598069
0.3330252838,0.0466306611
0.3408596522,0.0225712578
0.4758847287,0.0308482037
0.4827567485,0.053883187
0.510910361,0.021938319
0.2176935843,0.0496542235
0.1821533972,0.0175015876
0.1754142841,0.0130616306
0.4293731622,0.0306308795
0.3893347073,0.0238338982
0.7124525333,0.045392839
0.4270443422,0.0606882069
0.3556473139,0.0393182606
0.4698957926,0.0212600341
0.4208480947,0.0277331116
0.300093782,0.0213426545
0.3182577899,0.0554565175
0.2986682113,0.0507732908
0.1431324106,0.0331764825
0.2677832619,0.0184848921
0.6586508181,0.0648273212
0.1536444325,0.0358818441
0.3719569228,0.0321275936
0.1635242373,0.0231012275
0.4149396363,0.0241236809
0.2603984706,0.0151051491
0.4380483142,0.0349346756
0.2582266505,0.0149513793
0.2997284491,0.0532895759
0.1056566316,0.0320880424
0.5934352986,0.0568121028
-0.0510865994,0.0373956301
0.446429164,0.037370315
0.6134230281,0.0432808885
0.1329603196,0.0116275017
0.2889214475,0.0204336567
0.1666155763,0.0125982415
0.2549234268,0.030115456
0.013752593,0.040342713
0.3293894593,0.0196084406
0.4404410426,0.0275125883
0.2957564216,0.0146032152
-0.1134331947,0.0183359644
0.2665064952,0.004661751
0.3286545256,0.0153583795
0.4075919458,0.0285204133
0.2072342472,0.0327361224
0.6455533702,0.029337044
0.3235270858,0.024931593
0.2696482628,0.0205314994
0.3352431832,0.0454195225
0.3577007577,0.030102141
0.1531776814,0.03204134
0.4267865318,0.0379605205
0.2269195361,0.0111548123
0.3884203957,0.0344206977
0.161578294,0.0216413953
0.3555430699,0.0195972784
0.2946957013,0.0172928376
-0.1328492286,0.0385237737
0.3877331986,0.0194673549
0.3476898361,0.0058237587
0.0765398955,0.0059982607
0.2893031367,0.0375031662
0.3670068915,0.0569187297
0.3999158088,0.0354111107
0.3323451493,0.0338397924
0.3209820718,0.0070479272
0.1827742914,0.0057526709
0.0825161287,0.0286903427
0.1208856722,0.0145135768
0.4749666198,0.0254454565
0.2182285225,0.0402809596
0.3831078653,0.0296086989
0.1789888882,0.0207941075
0.3846578997,0.0249656813
0.0714166541,0.010854223
0.5049708657,0.0298247765
0.4647973998,0.0346509384
0.1726326624,0.0369811868
0.2246984552,0.0107250455
0.4635385109,0.0273574875
0.2059463933,0.0232649502
0.5097947849,0.0279490177
0.3215963894,0.0238884999
0.2609467859,0.0211234495
0.046804559,0.0280087465
0.4159335519,0.031053865
0.3866386437,0.0109018581
0.4399075991,0.0235758524
0.3419721945,0.027041078
0.2762223971,0.0143260946
0.3735964514,0.0171480379
0.674909819,0.0428428933
0.3547804394,0.0216354327
0.5699325791,0.0440093731
0.3915121777,0.0371084728
0.1758199538,0.0265332391
0.3635209972,0.0332840629
0.3380333207,0.0598711544
0.5103155189,0.0193741366
0.4666643803,0.0345454992
0.593270646,0.0149638881
0.0306870021,0.0468158231
0.4300930548,0.0226973318
0.2380823939,0.03272284
0.0338510825,0.0199482109
0.2102441763,0.0267724472
0.3873903642,0.0403668064
0.2877968465,0.0124964622
0.6355628129,0.0426277475
0.3355628451,0.0163821969
0.3107436505,0.0416097909
0.3496460796,0.0328185235
0.3322424069,0.0470669987
0.1983182781,0.0078289233
0.2330040547,0.0271250631
0.3059519644,0.0354404724
0.3095177524,0.0078294497
0.420733695,0.0199744161
0.3346433457,0.0204448688
0.109047966,0.0129843206
0.5361589791,0.0112392714
0.1496828514,0.0146496121
0.3414989012,0.0348836071
0.3203824536,0.0282013697
0.4560821836,0.0482850859
0.2796751056,0.0437134425
0.3551280958,0.0124078221
0.4225027302,0.0651708142
0.2972932221,0.0296030147
0.3769860794,0.0555362456
0.4899506189,0.0464370838
0.091920728,0.0277596116
0.0925280852,0.0329172573
0.2536560334,0.0157244167
0.2693457008,0.0322751357
0.3895154656,0.0664413061
0.635866652,0.025383461
0.2217762079,0.0096223281
0.4560296836,0.0281038084
0.5884834637,0.0672787559
0.2026030402,0.0262338582
0.4966164814,0.009894574
0.3471928012,0.0040292506
0.2704725797,0.0278516478
0.0368942957,0.045120872
0.5476067821,0.0351419788
0.6198330334,0.0429781634
0.5694601054,0.0407741145
0.2125961057,0.0018564592
0.2900464395,0.0293812116
0.4620942165,0.0387923093
0.3763389296,0.0469791994
0.0902196009,0.0385461219
0.0469936829,0.0176185393
0.2094120261,0.0634393972
0.2641515764,0.0207414537
0.2907702977,0.0155059101
0.0634464667,0.017106961
0.2333713259,0.015646977
0.4047662749,0.0347304369
0.3365801241,0.0263808383
0.2894752077,0.0696165708
0.1814998428,0.0116950471
0.2720119993,0.0248150456
0.3268434372,0.0134525741
0.0568454924,0.0369035157
0.1684362011,0.0176867623
0.199681988,0.0406344563
0.2122263205,0.032759092
0.3292573198,0.0116237858
0.1683993488,0.0276386892
0.2721125528,0.0386331968
0.0190575184,0.0162500228
0.1763186231,0.0102586114
0.2495910452,0.0147574826
0.44259141,0.0153562343
0.2861322452,0.0417095742
0.0682492955,0.0124243385
0.3190826634,0.0121881752
0.5706218313,0.0575362434
0.3977853571,0.0173258015
0.2953635769,0.0323441676
0.2688423022,0.0389077657
0.000147053,0.0076342245
0.2017951828,0.0235695075
0.3684004348,0.0389929826
0.3691169002,0.0215685783
0.2658536451,0.0208641967
0.3067174934,0.0141449257
0.2792838785,0.013084326
0.4272710061,0.0247437217
0.0567277776,0.012187297
0.7130137256,0.0521711457
0.0232653014,0.0131665661
0.3590443314,0.028544135
0.2448493505,0.0290149032
0.3520822825,0.0168438223
0.0816430958,0.0182083212
0.2675668515,0.056659798
0.6709673523,0.0407612002
0.4783490711,0.067860298
-0.0376595184,0.0047413247
0.1914653813,0.0148409829
0.2619753989,0.0105618933
0.2965738582,0.027140288
0.2628575464,0.0254522991
0.282724148,0.0149847849
0.5317960007,0.0539928124
0.3015939572,0.0170429599
0.4017988804,0.0229809851
0.2144307922,0.0249147445
0.339432233,0.024246648
0.0888737675,0.0232436388
0.1306612005,0.0061020683
0.2795793379,0.0443038819
0.3325043614,0.0306955393
0.2289966332,0.0122928233
0.0609366616,0.0223592847
0.4788548948,0.0149224008
0.603087996,0.064580368
0.1402644427,0.0277557057
0.0281970346,0.0084552328
0.484841184,0.052700975
0.0714748954,0.0110890379
0.5503587526,0.023093325
0.4012630586,0.0376060419
0.0830233492,0.0255914537
0.2916678437,0.0213034375
0.2727014567,0.037783142
0.2831608664,0.0430956175
0.5173790812,0.0434347791
0.4261461234,0.0346969582
0.3277540968,0.0021678435
0.3216092553,0.0324658438
0.2809871801,0.0307331209
0.5508150208,0.0407218882
0.0665859918,0.0348656801
0.3269404195,0.0213501183
0.4056706961,0.0214784918
0.1235942363,0.0255129676
0.1418062746,0.0285596096
0.2310459703,0.0465020033
0.1134539,0.0160713368
0.3927595704,0.0109929969
0.0837388997,0.0237610443
0.2425040671,0.0521356668
-0.033930306,0.0193392857
0.1051825757,0.0291467805
0.4803821523,0.021121893
0.4324705437,0.0194528066
0.3462992016,0.0334555255
0.1375377911,0.0408435784
0.2325550434,0.04940864
0.3924320957,0.0468523779
0.1945156745,0.0042733487
0.2051953749,0.0150366962
0.6065820567,0.0341576804
-0.0783474695,0.0287614404
0.3989750659,0.0581629783
0.2996739529,0.0299068498
0.0356503363,0.0142036172
0.142640657,0.0015824652
0.0363132659,0.0168725575
0.1175976284,0.009488602
0.1319813194,0.0217049897
0.2479305238,0.0327339114
0.2410149609,0.0326557928
0.0255768882,0.0088703832
0.5370037982,0.0074078138
0.2239866189,0.0027295506
0.1169435456,0.0214074115
0.6687650851,0.0425128234
0.3892517781,0.0522457359
0.4104981485,0.0328292207
0.4173612201,0.0555564503
0.3457641327,0.0097292605
0.3763204739,0.033645054
0.2818515431,0.0078096116
0.2110532864,0.0227140312
-0.0503185057,0.0116620735
0.3468207528,0.0420327265
0.3839356099,0.0420344204
0.2208031319,0.0337996447
0.4898719892,0.0106904277
0.5989362109,0.0311142654
0.1336705015,0.0276055912
0.4302932828,0.0310179679
0.0930623568,0.0166060592
0.3808346972,0.0383482004
0.3143251517,0.0432245645
0.2563281427,0.0220326035
0.2007563856,0.0126549389
0.3795988008,0.0555773065
0.3631916307,0.0277826177
0.3894382604,0.0587566544
0.0709420825,0.0334638823
0.4526077815,0.0296724641
0.6510554257,0.0490492478
0.3326141423,0.0527969542
0.4847777117,0.0115661113
0.2235377737,0.0375153852
0.4397218062,0.0322289193
0.2033516446,0.0479809639
0.4615274492,0.0144721841
-0.0562855912,0.057217899
0.0768617786,0.024954812
0.5395394035,0.0637716055
0.288790196,0.0351707443
0.147424747,0.0266373069
0.265051338,0.0125050288
0.4014577711,0.0291589382
0.2764565668,0.0183126634
-0.1036891937,0.0155329854
0.0040815632,0.0209948862
0.4823398879,0.0478521719
0.2415686987,0.0415071694
0.2368709962,0.0492529499
0.3744863521,0.0297612273
0.2775008781,0.0228988854
0.2926918142,0.0150180749
0.0500116587,0.043791404
0.2877746698,0.0706163221
0.1768987319,0.0088051287
0.6041443001,0.0322655117
0.1521113824,0.0111252292
0.5649849367,0.0276564428
0.5567154792,0.0427267536
0.3706957324,0.0789554643
-0.0733145199,0.0286961414
0.2383090025,0.0037441191
0.1375894364,0.0491520864
0.1447090626,0.0181116272
0.3138228301,0.0371822186
0.4371472362,0.0384376085
0.1443513413,0.0221018688
0.0672137886,0.0344871003
0.6813998468,0.04497843
0.1306136784,0.0139989535
0.3794762615,0.0668206808
0.4144428526,0.0465741762
0.3705776499,0.0340414381
0.2039003088,0.0155887214
0.3460228703,0.0226269414
0.4373626321,0.0248258953
0.3282854358,0.0162387247
0.2908108278,0.0095594271
0.2896850775,0.0236025285
0.434244563,0.0250472141
0.4605503351,0.0505734339
-0.0115618336,0.0117695176
0.3408081006,0.0125250552
0.0305220226,0.0170095854
0.470188074,0.0317337974
0.1803929307,0.0175426886
0.0849005879,0.0149031638
0.1979385059,0.0283653655
0.3985933604,0.0205708667
0.2098413968,0.0079019247
0.2635575989,0.0090745492
0.129808522,0.0393483752
0.7508472951,0.0458404404
0.1883906902,0.0268724258
0.0373241475,0.0368539423
0.0321148015,0.0059133992
0.0215838997,0.0121913808
0.4822568836,0.0304451967
0.5047994568,0.0320684126
0.2908879941,0.0270928171
0.1041075285,0.0108166105
0.2881050719,0.0251056783
0.3192015431,0.0691882682
0.3018828675,0.001690689
0.2222587567,0.0202374881
0.2054453934,0.0225674971
0.1865800667,0.019149117
0.3590189763,0.0446795837
0.5429902131,0.0251076528
0.2015030507,0.0185762022
0.425472255,0.0231691718
0.2617207801,0.0190598626
0.601155777,0.0394624517
0.3487260119,0.011042961
0.4351010136,0.0379515518
0.3766558745,0.0511109386
0.4420277722,0.0246038692
0.5996930918,0.0348878455
0.0498109317,0.0117197938
0.1800442692,0.0319045672
0.3560050345,0.0562440062
0.3056080807,0.0289836862
0.4107739153,0.0236546814
0.5553458852,0.0588083086
0.2628218464,0.0175336779
0.1709476602,0.025876791
0.2358378822,0.0132871977
0.4954639792,0.050079879
0.2222636782,0.0301519354
0.1927226275,0.0040911441
0.0680914671,0.0176206649
0.3904516715,0.0484082195
0.0059360386,0.0141592009
0.2263088141,0.025880894
0.381292132,0.0283547691
0.3087044181,0.0447604768
0.4531619691,0.0288328821
0.5065249694,0.0334870959
0.098971557,0.0523975865
0.2519802798,0.030934382
0.1863933288,0.0292123489
0.1543048244,0.0160430405
0.1777233885,0.0362033035
0.2496823269,0.0230757426
0.1198385806,0.0099513815
0.4707438608,0.0457146045
0.2852369591,0.0102468805
0.2114498241,0.0177229587
-0.1493517681,0.0163025856
0.2108317883,0.0186197011
0.2831474527,0.0147677276
0.0045197671,0.0283644048
0.4985386395,0.0462473557
0.2166281631,0.0228162804
0.3620754208,0.0399582169
0.1487501059,0.0148965858
0.2130135984,0.0326295034
0.1628001491,0.0173400813
0.1270860292,0.0257844401
0.3152687642,0.0474722878
0.2026527799,0.036540681
0.1915643572,0.0272778685
0.1725996591,0.0569738999
0.2588979726,0.021090507
0.4786669597,0.0177788212
0.2523663765,0.0133666987
0.3717695667,0.0190208126
0.207388042,0.0029621434
0.1740015444,0.0321903632
0.3633031892,0.015815585
0.229444751,0.0182635001
0.4146296539,0.0360031018
0.4998787964,0.054916755
0.1382305631,0.0182772902
0.37402494,0.0438720142
0.3472600571,0.0365278441
0.4022455532,0.0253276535
0.5681862206,0.0370022381
0.0462986526,0.0081037822
0.5927129317,0.026628478
0.1889427086,0.0245778792
0.3392796725,0.0129402801
0.4852319997,0.0231051517
0.0785635232,0.0107316464
0.5176618045,0.0776584889
0.296911302,0.0208594404
0.3318601876,0.0276040994
0.2781665739,0.0440198144
0.1728330739,0.0073127633
0.1778379871,0.0226469239
0.4453080527,0.0133903713
0.5337567806,0.0338095167
-0.0347738225,0.0379377052
0.5057653308,0.0361109852
0.4495018645,0.0176652942
0.6609838722,0.0866502784
0.4235233823,0.0320334513
0.6719499917,0.0406908389
0.3889038019,0.0323915305
0.1930988014,0.0183149817
0.3820217539,0.0242854009
0.4248770678,0.0344235956
0.3807814816,0.0280772779
0.3023880702,0.0562072778
0.0639775893,0.0253184696
0.4827841328,0.0322725206
0.2455584354,0.0196831915
0.3462297163,0.0301711852
0.3421477775,0.0440853221
0.2918974666,0.0111490141
0.2723546137,0.0432169528
0.2459560056,0.0194479987
0.4922014097,0.0187099044
0.30321452,0.0251800632
0.4366485515,0.043368959
0.6354062401,0.0481341335
0.2725556833,0.0146507037
0.3630899944,0.0354731437
0.2795410898,0.023207514
0.2683009777,0.0446216134
0.373835393,0.0118024498
0.5904338191,0.0644170645
0.3073508154,0.0098716728
0.2274454882,0.0293058682
0.5841002602,0.0252293994
0.468118399,0.0277108877
0.3327968987,0.016902242
0.2120408295,0.0363458927
0.138806232,0.0186962824
0.4164673085,0.0319681957
-0.0835665555,0.0510435737
0.1943112875,0.0156161379
0.3908287378,0.0267151649
0.3966144729,0.0584488068
0.258256763,0.0299623445
0.7217410689,0.0748985394
0.5873696119,0.0384093702
0.2236225746,0.0226716601
0.3348348055,0.0320474811
-0.0306129554,0.0179519512
-0.1982508222,0.0212535572
0.5031673994,0.0289277564
0.0715678323,0.0154568405
0.3290993736,0.0282898267
0.0318620799,0.0367717546
0.4061738952,0.0657011745
0.5137208111,0.0610848179
0.1608943902,0.0049128262
0.2289092423,0.0366053491
0.2444114463,0.0116552792
0.2364677787,0.0102946712
0.1578242583,0.0181360443
0.5529770383,0.034680324
0.2727446329,0.0188987472
0.3956366533,0.0303613959
0.3531482094,0.0257540065
0.2033440523,0.0240773152
0.3665275344,0.0375586868
0.1655120207,0.0506170362
0.107271072,0.0232076209
-0.1240756466,0.0090319215
0.497914041,0.0613704663
0.320538292,0.028597482
0.37869032,0.0277151772
0.3630450631,0.0156229809
0.3297426608,0.0232371533
0.3746733661,0.0274919522
0.176865878,0.0297973602
0.3667565351,0.0429227305
-0.0175573322,0.0095077781
0.2304300206,0.0063747921
0.3983011873,0.0246618637
0.3683930288,0.0239619703
0.1791020142,0.029731435
0.2754437671,0.0471515327
0.3066918739,0.0533256522
0.1469622836,0.0526408544
0.3345137376,0.0214985734
0.5665471052,0.0381977733
0.1971578994,0.0335228998
0.4769438559,0.0443869548
0.4652884044,0.0402176691
0.4143726431,0.0350799324
0.0290639719,0.0241378802
0.50756795,0.0065143621
0.3245926139,0.0377112038
0.2231104007,0.0333642309
0.4231287145,0.0256265598
0.4683724327,0.0547455648
0.3915662202,0.0145307686
0.5386637234,0.0137843182
0.22658524,0.0253996821
0.2053167047,0.0526080661
0.2439096263,0.0428058238
0.14519592,0.0066742063
0.0924975208,0.0096254036
0.4440413718,0.048286853
0.5263132464,0.0510160486
0.221289238,0.0260759801
0.1974680891,0.0091332689
0.3882191775,0.0369093144
0.2787412229,0.0345306213
0.2757758274,0.002052093
0.6150201024,0.0434671546
0.2218661594,0.017415766
0.5240599687,0.0153737732
0.2826999044,0.0273224804
0.5158857656,0.0498777786
0.5558206478,0.0420523022
0.358075986,0.0239328895
0.4523528697,0.0145402351
0.3100699369,0.0369947318
0.3228439031,0.0276115371
0.412355917,0.0350714575
0.1494094456,0.0122295445
0.3348303222,0.0315851857
0.2307330821,0.0498991978
0.3544140269,0.0407187193
0.3276596799,0.0158136896
0.4549945264,0.025177651
0.283402304,0.0136021782
0.6574865622,0.0354213377
0.2793535851,0.0341481393
0.2124684382,0.0407304136
0.4781269266,0.0173510728
0.0749870095,0.0355772998
0.6106913251,0.0114109457
0.138004488,0.0226746151
0.6390097551,0.0362867091
0.3439927466,0.0223200154
0.2998701597,0.0035480257
0.3101492636,0.040387938
0.3905605497,0.0244274856
0.5689116825,0.0489980714
0.1558802296,0.0459949356
0.2323414718,0.0394161739
0.310109629,0.0054991554
0.1776385562,0.0401515466
0.2131637734,0.0501747689
0.5266210531,0.0539205708
0.4525973125,0.0467960005
0.0426412789,0.0272972979
0.0633333517,0.0247043234
0.4218030476,0.0588910001
0.0638182103,0.0516393786
0.4952407112,0.0180469098
0.1730280593,0.0565017736
0.4566233759,0.0534131181
0.1380910037,0.0114127713
0.3459935949,0.0226672891
0.370590233,0.046118206
0.2173301481,0.0255023486
0.1276208923,0.033638225
0.4563754421,0.0701973432
-0.0090532292,0.0364892688
0.5263278888,0.0306148058
0.3183777149,0.0535092523
0.3820861645,0.0075134853
0.1857828024,0.0313364507
0.3340307564,0.0132960046
0.064555705,0.0484247991
0.2281313818,0.0194237304
-0.0462327752,0.0633680337
0.3262675315,0.0155053713
0.430508573,0.05593054
0.2561028002,0.0426664711
0.2699858782,0.0449998549
0.3693690928,0.0289831445
0.1659035931,0.0178972191
0.1097775693,0.0424824797
0.0989485028,0.0202598045
0.3725952323,0.007411834
0.3083525339,0.0319464884
0.5242712859,0.0361737596
0.4184583117,0.0109988687
0.0559882823,0.0079263441
0.20416744,0.0386553551
0.1105940875,0.0417910273
0.3385022621,0.0179680195
0.1844472537,0.0150064702
-0.0258860405,0.0085084537
0.2300287939,0.0299235891
-0.0069801633,0.0382334271
0.2691272468,0.034468541
0.2143311674,0.0256713717
0.1059955877,0.0095942673
0.2723201317,0.0347064133
0.2463181101,0.0216533801
0.6429440241,0.0236399767
0.1518046428,0.0552440858
0.3102974904,0.0442441532
0.3145353333,0.0072705955
0.4685480135,0.0375845784
0.2040512828,0.0090286219
0.379287061,0.0561344834
0.2109864462,0.0192507472
0.6037394797,0.0374724405
0.1205928844,0.0316226247
0.2569912915,0.0142659221
0.3910812539,0.0154939479
0.2354331513,0.0354446211
0.1402845799,0.0117277085
0.4928769998,0.027840136
0.2325293995,0.0371849039
0.4991455408,0.0314893101
0.3149703907,0.0273080935
0.4788955948,0.0521486741
0.6563870811,0.0428612792
0.1099004575,0.0144780018
0.1557467341,0.0490660681
0.2532626038,0.0209051625
0.3958878386,0.0370334142
-0.1487758953,0.0409261106
0.4357543098,0.0189745258
0.1637203331,0.0368096165
0.6276276893,0.0543403531
0.1949356772,0.0538809165
0.5375488938,0.0243991811
0.140013214,0.0222911307
0.491147139,0.0456540291
0.2328955853,0.0073517706
0.2293455012,0.013333572
0.0068431053,0.0409681617
0.1401495546,0.0279926471
0.2336930065,0.0102997741
0.2967733748,0.0046992225
0.5310241923,0.0228762359
0.4740566837,0.0162201418
0.0216594248,0.0152261618
0.3680676533,0.0521622746
0.1004525863,0.0068191518
0.4161452353,0.038806674
0.4726888854,0.0375963835
0.4454192791,0.0513048068
0.5634856515,0.0494430224
0.6012543428,0.0334322737
0.4914204502,0.023080978
0.055265933,0.0133621998
0.4255148439,0.037064391
0.3911923359,0.0290105233
0.3600516869,0.0181902283
-0.0154098753,0.0387256821
0.2610304412,0.0383958632
0.3415384223,0.0139510381
0.4196068901,0.0140883617
0.2413004975,0.0245679135
0.5734590222,0.0397708376
0.1620140759,0.0272530474
0.4795368577,0.0347813226
-0.0698773112,0.0195134798
0.4844958259,0.0409680338
0.4809448771,0.0405245273
0.3233815347,0.0471214462
0.2916735148,0.0163863823
0.2865066437,0.0300232771
-0.1282085886,0.0604397066
0.122115485,0.0349321739
0.3074347075,0.0228410662
0.611939592,0.0506769802
0.4177519101,0.041083761
0.4628930663,0.0365291152
0.3043004998,0.0263526732
0.4813463287,0.0437448302
0.0361977967,0.0330696862
0.2035952692,0.02244766
-0.0613244086,0.0532468089
0.4033704978,0.0338575471
0.2854587331,0.0199913265
0.2680934102,0.0310991516
0.1235796694,0.0272505167
0.2465638186,0.0033166051
0.136015089,0.0252214733
0.5792574147,0.0313939088
0.0524623707,0.0324217049
0.5396480372,0.0485969473
-0.0850253016,0.0211773154
0.3476333669,0.0134697726
0.5824100421,0.0578798454
0.2599802671,0.0474110139
0.3161982517,0.0168903983
-0.0165673028,0.0298504451
0.1993635588,0.0257186809
0.232337521,0.0214098646
0.4892317591,0.0310488078
0.2199751035,0.0334356825
0.1200806959,0.0337425345
0.6234941704,0.0294728019
0.3735272389,0.0596499694
0.2087976583,0.0403313918
0.3180359081,0.0296914101
0.2799610858,0.046940314
0.210878006,0.0297920829
-0.0036456827,0.0529948017
0.345854515,0.0394749687
-0.1328252809,0.0161061588
0.2561763181,0.0404259191
0.2281590763,0.0284164124
0.1645769203,0.0306526211
0.372354427,0.0364571855
0.2494032331,0.027324369
0.4029299695,0.0367027065
0.3581342583,0.0336765364
0.5051956828,0.0283297545
0.555466248,0.0599451393
0.3121203466,0.0472904463
0.3248575959,0.0372597877
0.4469429782,0.0392935546
0.2472007496,0.0366248414
0.2732752405,0.0248116656
0.4499254858,0.0271194758
0.1730055956,0.0138097293
0.1796602344,0.0211097082
0.5223174908,0.0124460553
0.0132983246,0.0080663862
0.2475414207,0.0209963227
0.1866313488,0.0339247167
0.181944943,0.0386752286
0.4204309787,0.013178748
0.2666346822,0.0141162961
0.5518092058,0.0442408604
0.2659439406,0.0223473819
0.1190648039,0.008161209
0.2948172284,0.037307045
0.1558388942,0.0119422616
0.0959907925,0.0325018031
0.2530422995,0.0127929057
0.2991847995,0.0045739125
0.3672254242,0.0227025372
-0.0334907089,0.0405317986
0.2157835809,0.0383188576
0.529561368,0.0523629215
-0.003296191,0.0246213521
0.2225914045,0.0282255408
0.4205320992,0.030340684
0.3066610951,0.0243580496
0.7054748021,0.0328989324
0.2701642992,0.0097944937
0.2888972362,0.0463062878
0.3015605541,0.0245619779
0.198437703,0.0151317289
0.2731548007,0.0289927755
0.0357033707,0.0316374516
0.357364979,0.0391690917
0.1195507191,0.0162342523
0.2520676562,0.0276187863
0.3804399963,0.0171765248
0.1385610274,0.0135731345
0.3024733234,0.0032938509
0.1954405119,0.018853486
0.3863401215,0.0271690495
0.306377366,0.0553590718
0.3992694387,0.0338238494
0.3536382517,0.0148545049
0.0358980002,0.0077985229
0.5863846234,0.0486881724
0.4548259743,0.0232765912
0.4016633556,0.0384012214
0.2957342285,0.0371555999
0.4713505541,0.02019982
0.2435320121,0.0281771315
0.4536494287,0.0440185069
0.3722623157,0.0284051919
0.3119876787,0.0135655686
0.3411692942,0.0292533736
0.6052311081,0.0423305173
0.0865248551,0.0219944422
0.2987113363,0.0199611456
0.3961545538,0.0233813225
0.2402062835,0.0592975586
0.3914767431,0.0105790878
0.5000393341,0.0378847561
0.2153421108,0.0453319219
0.1692940265,0.0229886678
0.295658507,0.0103247019
-0.0035336985,0.0416378796
0.2652235584,0.0309958163
0.0764559149,0.0158793859
0.3920112384,0.0659515832
0.1213508016,0.0247451248
0.2957679746,0.0151238062
0.3072780024,0.0047851229
0.3192333598,0.0160487177
0.6016792198,0.0415728368
0.1058788149,0.0382790507
0.4009336384,0.0478142544
0.1706055123,0.0148250463
0.4425255248,0.0257251314
0.465425647,0.0350987622
0.4836892468,0.0141120962
0.3739229762,0.0323970106
0.0154598508,0.0082996099
0.5442595439,0.0301195352
0.2413245321,0.028547034
0.216835326,0.0373426789
0.2093165576,0.0285466573
0.2643820807,0.0159771945
0.5537075329,0.0302049851
0.36631821,0.0169031902
0.4467936522,0.0154739803
0.2920772884,0.0106356935
0.6218282223,0.0630654533
0.1243084371,0.0437551576
0.6447115734,0.0666597551
0.4078261612,0.0384911531
0.433844881,0.0140747268
0.3773825869,0.0606351782
0.2684671474,0.0074914597
0.2808476913,0.0300959076
0.185795004,0.0464517478
0.1544340342,0.054956783
0.4881458275,0.0385451203
0.2329140146,0.0290392719
0.3556037243,0.0205773772
0.2321295005,0.0188728969
0.2840535641,0.0327273972
0.1045586494,0.0464471669
0.182544768,0.0371207629
0.303602737,0.0268916987
0.1466131045,0.0150894644
0.308388999,0.0098024585
0.3805882867,0.025027417
0.0771569735,0.0354900428
0.3908028731,0.0299668017
0.4056964977,0.0222284334
0.3151483747,0.0334056351
0.3453260763,0.0204127366
0.3649648024,0.0295571563
0.1581067411,0.0262526794
0.4732950177,0.0561681033
-0.0329944872,0.0098350506
0.1885988597,0.0228467954
0.0875795141,0.0270210348
0.2102449039,0.0190584138
0.4391764218,0.0191541387
0.0397558551,0.0226664748
0.4886961255,0.0428262476
0.4911318724,0.0327762094
0.4591130878,0.0145692615
0.375761838,0.0367280561
0.6953578975,0.0530446569
0.1942368695,0.012759805
0.3393150962,0.0154088078
0.4335077417,0.0345699863
0.4936858037,0.0253331078
0.193095792,0.0148643396
0.3779588445,0.0436734741
0.3745622965,0.0156376946
0.5401811654,0.0155653937
0.3926314312,0.0339995254
0.0557713494,0.0137811986
0.6363325239,0.0389425138
0.5882451007,0.0156385071
0.3045283028,0.0175714006
0.0918378656,0.0360190592
0.1901309821,0.018633686
0.4299846528,0.0205688087
0.2106590864,0.0433046427
0.3994800513,0.0280827616
0.3541848776,0.0130022478
-0.0075731908,0.0213393718
0.2502164486,0.0605015238
0.2713377456,0.0227561958
0.2269783687,0.0073159136
0.3514388427,0.019682186
0.1245013914,0.0210506139
0.298661661,0.0447950001
0.2060623299,0.0313979242
0.1379390575,0.0404979381
0.367584601,0.0422343879
0.6372392032,0.0284739285
0.3421816077,0.0405103188
0.5819859426,0.0430882753
0.1302322846,0.0215216354
0.1448302749,0.0452865845
0.4347781333,0.0433123019
0.1492968166,0.0191664574
0.1166822607,0.0173392314
0.3755282639,0.0563912559
0.2530714179,0.0116901318
0.4745856062,0.0440841214
0.4206729287,0.0292226249
0.3305308466,0.019748568
0.1899677608,0.0197219865
0.2393905543,0.0437573026
0.4738109511,0.02661427
0.2390566206,0.057282107
0.0979515397,0.0170237625
0.7437907717,0.0442041356
0.193945832,0.0427079137
0.1266928661,0.0269941236
0.4249558412,0.0128858182
0.4783831523,0.0478863409
0.320920911,0.0271628001
0.1761924655,0.0114996504
0.3379422137,0.0359020727
0.6520333449,0.0423899385
0.4927121145,0.0265648058
0.1576198655,0.0181619499
0.4975967636,0.0346805022
0.0275020904,0.0464794208
-0.2295980673,0.0059850161
0.3753703024,0.0367608072
0.2161893745,0.005533381
0.6017160256,0.0867993781
0.730676706,0.0357015969
0.2750425361,0.065865589
0.0989659379,0.008828954
0.0713846816,0.0197075848
0.3511763628,0.0272088169
0.4419464178,0.042337904
0.2447528074,0.0015558189
0.356218979,0.0206146083
0.2896242831,0.0434155262
0.2691463447,0.0269423433
0.8029903113,0.0331635433
0.2854210735,0.0192132634
0.1872073223,0.0171693366
0.3248392612,0.0379988427
0.4024053486,0.0149145333
0.0649617919,0.043499289
0.390494765,0.0362465029
0.0279301068,0.0085721751
0.1694356072,0.0268311805
0.0853492825,0.0266571524
0.3984414283,0.0213170936
0.4215953912,0.0621179141
0.2660550314,0.0185061121
0.0784454156,0.0153705169
0.4134659004,0.0448628688
0.265692015,0.0458154783
0.1602637992,0.0483989443
0.4923950586,0.0269154732
0.3355883794,0.0298074891
0.1684350526,0.0108972663
0.7207334044,0.0343883957
0.5463914205,0.0361738627
0.1256199752,0.0349735846
0.1856364083,0.0100851798
0.4035364816,0.0237921543
0.4882861407,0.0149674593
0.4106979706,0.030934394
0.3843295741,0.028818203
0.1873792021,0.0064490997
0.0026689246,0.0484789037
0.7717811412,0.0868347507
0.5250398941,0.0161220225
0.5553868757,0.0238654635
0.5617763535,0.0318407236
0.5185552341,0.0463151784
0.3526122612,0.011398784
0.3414527915,0.0261901167
0.3861573977,0.0217627476
0.5447196861,0.0244882529
0.0425970536,0.0150576891
-0.1413980441,0.0023208075
-0.0229499095,0.0043509038
0.2059236442,0.0407628558
0.1547936909,0.0151555804
0.7078120735,0.0468905719
0.4631280101,0.0249407184
0.1339014629,0.0173485083
0.5510931793,0.0347476995
0.2871776748,0.0506166187
0.3713491102,0.0054932228
0.1801840086,0.0270917921
0.0180709389,0.0142222854
0.5206489718,0.0264610013
0.4220866467,0.0142810159
0.4536111817,0.0071511191
0.576466867,0.0429062338
0.4402077638,0.0369893895
0.1184053259,0.0556955464
0.5972828663,0.0568214197
0.1703002958,0.04042827
0.0694267622,0.0421884503
0.3485976731,0.0406180978
0.0615790806,0.0369394298
0.5458741073,0.048106353
0.3710724196,0.0266931102
0.3883276876,0.0428161381
0.3038866295,0.0340334738
