,p1,p2,p3,output,d1,d2,d3
0,-0.7696473502762229,0.9443415530627219,-0.8551558115863349,0.24313501358139056,-0.3342428690346058,0.4425538462591516,0.22089670124355232
1,0.7897322379888847,0.00841495603125697,0.9464781884447195,0.08699248505870921,0.022061489900190356,0.11268652796110477,0.1644137710165025
2,-0.22602315230078562,-0.29490454057925386,-0.2140385400092062,0.03177831693619522,0.07618152366477285,-0.1725900620493116,-0.13959088414496304
3,-0.5296214191752693,0.3637395906088208,-0.2393287871604466,0.08524617264305279,-0.20059149739414778,0.2781655843875755,0.15428584443592552
4,-0.4584819960728381,-0.022815076872729767,0.7309940002639064,0.1588374197018326,-0.230829608240506,0.4084233296126178,0.3025494456134115
5,-0.7618702672975031,-0.6905224803730767,0.809697549852535,0.035656000616860604,-0.10660445978670471,0.1646351458485682,0.12816823052972737
6,-0.33672161758041397,0.01011561087291346,-0.18594553413836978,0.00856470400332458,-0.05175086383319337,0.04174684665310289,0.0038641499710702952
7,-0.7090729075423583,-0.7492703880928624,0.213212328660896,0.021151394844083696,0.028866357158063072,-0.10990076732776577,-0.09180636608551371
8,0.3036794358336976,0.4740412924212687,0.514545454332983,0.13446810904202333,-0.16659361486249036,0.36068510921189223,0.28869682256475837
9,0.8780237964119111,-0.23778648141456404,0.8396432234460292,0.08159432921349988,0.13977064844669984,-0.09177890705267147,0.02220338252505774
10,-0.8902212345638685,-0.17297371799214578,-0.34167750926889506,0.04262653732114232,-0.09989992090464289,0.05652299537632148,-0.017844418255863442
11,-0.7585672161164709,0.8792281560773973,-0.14563413967299832,0.4295032747196063,-0.43494799845058835,0.6710874558093134,0.4186499770979184
12,-0.25249352420712734,-0.7500492495131916,0.7228611993323095,0.013079639948478841,0.0499645611250418,-0.06206125822133168,-0.010754474218636956
13,-0.23940371600000132,0.49524129820877505,-0.5631447349409455,0.03341167207808278,-0.11573158679479922,0.1368716316907731,0.05090647318328226
14,0.4822724385626245,-0.5495675951276597,-0.14199648225438333,0.2399137152798702,0.31453012278607895,-0.51007233211115,-0.3367618379246051
15,-0.22468105089775658,0.30285800184442646,-0.1890341271881506,0.029547405414776958,-0.11675076555675543,0.16712763636947525,0.0939132850600401
16,-0.5469105380963841,-0.7290887615245161,-0.6108289528448247,0.22589740723044796,0.2054685890191742,-0.46130003131411884,-0.37299980863730636
17,-0.11152499250270309,0.6629954044376329,-0.4565728722929274,0.056140032318813815,-0.15658136112623075,0.22953116969756676,0.12563335373968096
18,0.5435688359990092,0.9295294002425267,0.189760169348673,0.16920634096616902,-0.19605327953820723,0.4141644695790249,0.3162048394091722
19,0.006153498060038176,0.9643252636263484,0.09988889896117592,0.293217632780934,-0.32068629849317304,0.5692790727715338,0.3948228137491304
20,-0.9922172883738878,-0.8879002325038843,0.6849218908674779,0.02126312270170999,-0.07787448544997011,0.0810887837358008,0.05439537711669107
21,-0.6312399325886362,0.5470268056597078,-0.6184396822526876,0.10427817898887827,-0.2167374074012069,0.2684465818138898,0.12144179417136727
22,-0.7520320837087389,-0.03559719279994478,0.09107885198539689,0.07199750951226322,-0.18565075221850194,0.25235135760354305,0.14671569338220605
23,-0.34139253512695666,0.9617038479301185,-0.2871057556058578,0.2651919590899986,-0.3358960079696408,0.5314436679536595,0.3322117027840159
24,-0.43471709183582363,-0.9673811748108516,-0.61175307896178,0.3849895734514144,0.3079292856107979,-0.6289297251452062,-0.4829178703139132
25,-0.09937552344225131,-0.4958843525634815,0.9446826933208041,0.034107319637023396,-0.032249020048852245,0.11396848097760975,0.1286411440451247
26,-0.6273793837757211,0.15297223616471056,-0.058274275993701385,0.07494478105092899,-0.18914660678816358,0.26085742983847493,0.14896905577475797
27,0.14721251325165707,0.025410296247304842,-0.29672917934379406,0.020303231796505415,0.07923549742075592,-0.14456436952236357,-0.10991649155452834
28,-0.7939832002114506,0.2563754266298921,-0.5462465844274431,0.07685025540231288,-0.176672582145614,0.18635180363467826,0.06288474014545067
29,0.9615184353943471,-0.7032401518508475,0.21767222445037637,0.37480763233859316,0.4155965165540193,-0.6106417837087847,-0.36484337208176154
30,-0.932417204997918,0.5046057894928697,-0.8655226701755983,0.13614580352362957,-0.23265273336910575,0.24679965801592363,0.07992204363815164
31,-0.7508467347060463,-0.20977274426086567,-0.48828382892287014,0.04257676654634457,-0.02911830661809503,-0.06326382869144107,-0.10243861813242891
32,0.397780481132473,-0.8253484794685493,0.34844381146101266,0.19753630272472034,0.29566447433483845,-0.45065349870609495,-0.2711574383638612
33,0.49286962116356037,0.9894991130834367,0.4054825204295047,0.2886141385474312,-0.26488943034801726,0.5448612804981132,0.41591059534624736
34,-0.9220956780430283,0.19096537316176887,-0.21432796194302584,0.12531715880937502,-0.24481908569635955,0.31604657153930504,0.16547656382902498
35,-0.5074722836980023,0.8684490409268983,-0.8269981815174372,0.14231830537175627,-0.2520838422585232,0.3283615980931587,0.1553259368434368
36,0.3172921932056496,-0.07875899073610348,0.45010690003749243,0.015406804323599773,0.022618939232028304,0.026217709737061577,0.057101271201232845
37,0.4915039122667568,-0.5026536975722411,-0.03851833841736396,0.1878821219630763,0.28385079507768723,-0.4479416140667354,-0.2879397059691888
38,-0.8974825294157096,0.053784834893685574,-0.2040201278599778,0.08342513111465258,-0.19734848665441695,0.23627211386599245,0.11260856281638824
39,-0.9390744871720191,0.5834357735351259,0.006985475971501343,0.37609579310553576,-0.41158363271944554,0.6221469202271424,0.3866776927531149
40,0.5002979010146913,-0.5916629769411179,0.25807117465044715,0.15077173333553856,0.26228181224920155,-0.3879109020725083,-0.22934794116325355
41,-0.9410311845838497,0.7582821251851655,-0.03459566526016644,0.4756800062233099,-0.46004047223892663,0.7037846555026819,0.43993206182677597
42,0.5147323707053075,0.7954419333831577,0.3500863173823241,0.17062158314177517,-0.18863038931049136,0.40966758253253455,0.32126522597995055
43,0.9711301928256901,0.23612050904613668,0.13664292034745085,0.04840869964026947,0.1352358351521436,-0.12461725864574583,-0.03724680962172422
44,-0.6166867338431861,0.2030711706039563,-0.5351926506541211,0.043297766018008166,-0.11909075390767425,0.10501492311154313,0.015268631546767192
45,-0.9884969790891629,0.6089167572432563,0.7444381843080439,0.7977410842873152,-0.5603559357478913,0.9304698793375361,0.6380560901452537
46,0.5298005281504532,0.820098665893171,-0.17259526288159877,0.04972625222056557,-0.10148759483439918,0.22107796425755016,0.16272206601722608
47,-0.29014810475576747,-0.20443924980138917,-0.392069068346782,0.03765346472862987,0.06326297348035782,-0.16953969192389473,-0.15048877518981799
48,-0.5339590220102965,-0.5362743893375652,-0.8384821015589816,0.2261656380913462,0.18742700444285407,-0.44473077128566463,-0.37438114993608185
49,0.6495533281785166,0.07911630391006685,0.8313087119565916,0.07601045541622416,-0.013896688999442047,0.15258425798692032,0.17920616824197494
50,0.13913199274279942,-0.8065702162231396,-0.08169913666852646,0.24567660445268516,0.3026248915403724,-0.5210423186926121,-0.35485306485064905
51,-0.47757726919276977,-0.8495133196305311,-0.5569888452745833,0.28019747453734595,0.25080237656797816,-0.5294893765451039,-0.41358850748902826
52,-0.21674686096297702,0.9303247664824004,-0.6056954200143267,0.13094300147488744,-0.24032785229746453,0.354334213625524,0.19787205784506387
53,-0.7732537455087309,0.22292614256285748,0.12861490310849555,0.1709860664929455,-0.27900618848414194,0.41625898881447493,0.2599585369098515
54,-0.150614317956431,0.9900803571729597,0.48067383452049217,0.54996296296195,-0.4330729774700478,0.776924850077335,0.5523098672525182
55,-0.32713766513592635,-0.5742906937457788,0.37281556591967346,0.007126607040611042,0.03761201164824121,-0.0734880786643845,-0.0419671316210328
56,0.7704633580731572,0.7338260748776366,0.6932847536812006,0.2165930274444648,-0.16756826777033718,0.42443202645699746,0.36180224045401155
57,0.20270836431317196,-0.762227285508611,0.05174500911580582,0.19816629763194005,0.28060214213663476,-0.4661852410274873,-0.307023171421489
58,0.8247628377194731,-0.31022097637438195,0.5822161336814753,0.09077951689276031,0.19481131859174725,-0.21227711516587727,-0.07723406048616598
59,-0.9550611713705159,0.6809159283026089,-0.8667290217077153,0.19466772327015341,-0.29360394262685197,0.3510377480219996,0.1501062842354287
60,0.8174379680704413,-0.33082907502556713,0.17741896130335277,0.15360042400250618,0.27027480007060084,-0.37429555702614425,-0.2117016581912165
61,0.4050690595475943,0.6550894941101111,-0.161586507603249,0.03016919973659072,-0.08128801574965025,0.1733643842246929,0.1256511295047908
62,-0.241039889808768,-0.9982036213011096,0.16505561055148465,0.1555899206608056,0.2285790054787039,-0.413703544305512,-0.28283725890983025
63,-0.9337833425507964,0.9477849932534772,0.8740356268233815,1.209351879502535,-0.6769068382934292,1.1496119664135884,0.7974897563956764
64,0.9347252701096034,0.5757486828961647,-0.7202044897723137,0.06969993727126543,0.1688385678633183,-0.24894057688392923,-0.17343603049655346
65,0.04984624526101422,-0.686786686322004,-0.15231510645980562,0.1861012242176291,0.25562237125104786,-0.4532407247818759,-0.3163240906591425
66,0.272057786570129,0.572137018409911,-0.3321116413080363,0.011697494985769443,-0.0572979232063158,0.10507925774017896,0.06364244566324606
67,-0.24326945136230127,0.7027095255961984,-0.029559247398793786,0.18876419404677344,-0.27543241986194283,0.45445741834232606,0.29863623730244765
68,0.4060977703187265,-0.5529283210992928,-0.2829216512049191,0.2671900095215465,0.32187777344659796,-0.5411025558972039,-0.36927271105464143
69,-0.40339159241381317,-0.4106327712446114,0.8443562436103369,0.05507480693053969,-0.11482789273418778,0.21929437768092003,0.18224353351735867
70,0.21969862348457525,-0.5634600141173183,-0.077167979979063,0.15307543815148225,0.24440248279962795,-0.4102949259525272,-0.27564804070250204
71,0.5104156184912889,-0.3974051314412639,0.46114125026754915,0.062388794780581694,0.16785869508622236,-0.20692059184777428,-0.09353189524154681
72,0.47081592091307556,0.3085578394840467,0.7503365880810089,0.12184663496330626,-0.11526892920127609,0.30540434477196016,0.2715165639334427
73,-0.6430502524811905,0.6046928065061303,-0.38147921571248466,0.16677313785634135,-0.2791964808165156,0.3936041610567299,0.22019730855647074
74,0.9152398946869271,0.8481001151960212,-0.8593501553300162,0.03325318076864844,0.10239613107030132,-0.14468186545185485,-0.11112355479820246
75,0.3300358577806821,0.28630148584171655,0.625224227574777,0.09928794288330006,-0.12026110985629287,0.290309410631451,0.24815153005168072
76,0.5998580395174566,-0.978853247371104,0.20969304049021487,0.40130565373239807,0.41704218226379497,-0.6518502006876059,-0.4083134276962814
77,0.5403279307358688,0.23099596388350907,-0.23959880290398106,0.02123115289713763,0.09890171619012549,-0.13346682430815696,-0.08286036334884539
78,-0.46144069960111245,0.026273497489335274,0.6311796856068339,0.14975601061658414,-0.2296165388091802,0.3988053076994453,0.29005939013782
79,-0.7665148313072614,0.47023754679365637,-0.5019068059761069,0.12920560837882375,-0.24538602034903395,0.3127367482765565,0.15289963719041272
80,-0.8199055462826184,0.445933826931189,-0.3440766105137478,0.16289494828428805,-0.27812709453793905,0.3757905366885278,0.2029366740748014
81,-0.28657075258712417,0.41963099181813357,-0.30968067044374026,0.047148881171831844,-0.1474688060235945,0.20570531857884206,0.11070374909103406
82,0.47220850397011604,-0.4303756515586252,0.3942366132323232,0.07022801727786984,0.18076954277947146,-0.23836405331608287,-0.12046310252161718
83,0.9756928437432395,-0.7151416999977349,-0.18393381373799,0.5628987140132719,0.4929254925785248,-0.773431531147486,-0.4987686088708184
84,-0.8677004288218493,-0.9005555932139404,0.9026676949972758,0.026509008060013523,-0.08194675149798875,0.11700569356372503,0.09669440588722633
85,0.6789334670913303,0.6342991959407174,0.44228395665650444,0.11512736379526925,-0.11429930527444991,0.3034661940163069,0.26084597148640726
86,0.9172365763455319,0.0831164296235396,-0.20000737879602282,0.11114946300395033,0.22942303457242055,-0.3194188773196892,-0.19205633367275965
87,0.4964474834694168,0.4579788724151135,0.307165189445318,0.057251384319393445,-0.07889791059556461,0.21253800416634533,0.18339813314528283
88,0.6969282653963491,-0.6425480895732729,-0.5582030712815103,0.5668688472951263,0.46827889490035124,-0.7865829934887101,-0.5409563515933251
89,-0.16817907860412218,0.34295217704855485,0.11653008933642228,0.07483127049460583,-0.16920131860426618,0.28689653701234863,0.1957831432343761
90,0.9466242258489845,0.3800877335401256,0.2634663425531627,0.03933348726447809,0.061690926176358074,0.010685997536616837,0.06151538201801235
91,-0.2956971642429298,-0.6091763762617555,-0.7678657459362885,0.2865006268120115,0.25546880858483095,-0.5336713641541351,-0.4212229414539223
92,-0.10227266319725503,-0.36146715417808695,0.6461329557790585,0.015011743957430539,-0.02326690144020277,0.07645448958815862,0.08555469307263744
93,0.7072397715493457,-0.6743784292981669,0.4356301597082195,0.2018824079632429,0.3072050247107866,-0.43198082308685076,-0.24062003558070905
94,-0.24266798044264282,-0.31422589111251353,-0.5612481223487795,0.10292653435072656,0.13893538322535431,-0.30919506429456967,-0.2537400790923681
95,0.1923755344131295,-0.7467790554108007,0.3984766661201531,0.10339127648060092,0.2126630382928406,-0.32337881067425867,-0.1897755675176525
96,0.12085891679300853,0.5986425593542775,-0.7858743442815537,0.014493866368025535,-0.022793636903653963,-0.003911249622451651,-0.043370785335176354
97,-0.007599172050970271,0.5997453748153809,0.7596072939874341,0.3652643376109148,-0.3240391134123476,0.6211726321305571,0.46803241093081044
98,-0.12215360835418032,0.26266945231912575,0.8253332783135903,0.2381982162910365,-0.25657742224813956,0.49572431278473406,0.38147370179369056
99,-0.6375314296370309,0.8731767784618802,-0.5124151934696035,0.2511062727461637,-0.3398333365601278,0.4909238388256846,0.2792758397543744
