,p1,p2,p3,output
0,-0.21498941288121287,-0.9306608014964854,-0.2850800756544747,0.2842922913483542
1,-0.4888629650117349,0.4727845645074571,0.7799374735290376,0.4656846801104867
2,0.41405593754936176,0.1164165435426141,0.13906494113013323,0.008261553634604324
3,-0.34791655245719344,-0.18207115935439067,0.4623955530429249,0.033809673000867166
4,-0.7841530245117083,-0.2722401131571679,-0.7719487892056298,0.09487440388912806
5,0.6253305689980562,-0.05899287864389202,-0.04659991333630398,0.06614672325833618
6,-0.7677178705688821,0.36382258660369793,-0.1813344134396666,0.1517505980035446
7,0.1777151597771769,-0.9462660295329062,-0.5274249269268199,0.5535173517754115
8,0.839420807088715,-0.6306981676684662,0.47559621629433635,0.2147983296521453
9,-0.12743503829702396,-0.8545304892176309,-0.6871874909732478,0.45072394429776186
10,0.0952933468646151,0.858513171591389,0.25302964185676924,0.26709228034897
11,-0.08152747733633481,0.993842722339211,-0.8593098481081478,0.08144259219071653
12,0.023333355854691318,0.7945904464957927,-0.09889748259175324,0.14111216053818462
13,-0.14209391759382384,-0.38196978582077024,0.24347639423775136,0.005914602138403939
14,0.41235460526472356,-0.784282132936224,0.8719983408160881,0.09179049614352526
15,0.584654006063511,-0.6316881275945003,-0.23750760251794412,0.35806449409342334
16,-0.3004406074974004,0.6184500547741625,-0.8754393951702966,0.04601350795579351
17,0.04727644536107345,0.850026590990653,-0.3876691410212696,0.08989387482255226
18,-0.4269792878811005,0.5393919587609703,0.9824372722731809,0.6012273893096869
19,-0.9140447550572735,0.2669343766095771,-0.9103435312877737,0.09116347039640642
20,-0.6034341141833015,0.0949423664815563,-0.6706872594102611,0.040754078879625885
21,0.8518085632238201,0.0810771208482286,-0.5277803214082335,0.1737021304519259
22,0.7104561631038906,0.8453496818760604,-0.8043790006027967,0.013830934705365311
23,0.09260132929894249,0.014041526417122308,0.7944735688028575,0.09180148082504541
24,-0.7864281870747347,0.08883112100088564,-0.2733498189057184,0.06376280403381157
25,-0.17173644685804268,0.5429215736816848,0.8202964674339714,0.41376561980563586
26,0.12445657939807808,0.695712409567139,-0.43146425243572484,0.03378615896247705
27,-0.12119632081869947,0.904033595399599,0.5468004593896147,0.5080470308766024
28,-0.6835942404063537,0.07220021056281523,-0.9273911382291287,0.07316301494021198
29,-0.48805948448129755,0.46443408183761203,-0.07891226360052106,0.1403642797732824
30,0.42820957179221564,0.7265327741021745,0.09723653971305413,0.09067694113522563
31,-0.41518531500082934,-0.6133091322164346,-0.8958464937893944,0.313773052685366
32,-0.7427632620015174,0.7518289275707244,-0.23188947536032645,0.31174403837173004
33,0.692671998936975,-0.4326480399579513,-0.27431842460914946,0.29413512663585284
34,-0.7542250764104963,-0.11239382014188015,0.045589862426850036,0.04955912958601293
35,0.854885791859648,-0.36024282212048075,0.47703962766421504,0.12095651173726638
36,-0.3915485672902008,-0.9698552596674566,-0.7510398334813533,0.47160919175687865
37,-0.1497972209297327,0.6303117569831287,0.47527676886483294,0.30374968555364384
38,0.13690399949039733,-0.040846907016206746,0.051101463427464244,0.002885943990561266
39,-0.6024085224184232,-0.4178995777721082,-0.6294040331798676,0.10817639882485638
40,-0.7067825480382883,0.8564624380113881,-0.452118668831607,0.2844859377059086
41,0.998677751858706,0.8736275395622664,0.31843802285063316,0.12101339630783255
42,0.5789651685017467,-0.020119772289995508,-0.4055584673401089,0.1142261456455728
43,0.5702061993493164,0.2084379074432945,-0.16095656959473903,0.021038572053793093
44,0.7789750315841868,0.9446091070910436,0.7195267626959407,0.3280152717473925
45,0.37959878123561563,0.3397028129553399,-0.750116119092443,0.05091915539079339
46,-0.486252828713742,-0.835480818043081,-0.9834675343167971,0.47292084621008057
47,-0.5179835694312869,-0.8973863668622482,0.13936595992337075,0.07659036861954556
48,0.9856743030966799,0.27010887872507117,0.8124998520721087,0.10031404702352276
49,-0.9803570932037202,-0.707015203902466,0.35204782517032185,0.02074508855099925
50,0.9167516268906406,0.3105464999697811,-0.4852981984376854,0.09585420093108782
51,0.8500070449388442,0.7656253116704552,0.7335130245480226,0.2317372066842484
52,-0.9756175079799796,0.46883037173989073,-0.8715447844637783,0.13701772708085336
53,0.824071706614163,0.8754950119415768,-0.023377161836363403,0.06147883229658972
54,-0.9751894535800569,-0.043769985206630224,-0.3665792757056323,0.06633044803666957
55,0.05823365264473157,0.8785906668162822,-0.8480393848549588,0.03856847505996154
56,0.3197227225656709,0.3015826452547079,-0.8526750599281638,0.07237818904004473
57,-0.8097103555811853,-0.3858323315654255,-0.7931878668796124,0.12421858908665896
58,0.2997830734731384,0.3511594889080121,-0.5392483217159771,0.014319305587583046
59,0.009913484908481651,-0.9732486126935678,0.9011973660652874,0.06051179367765865
60,-0.5759337056648735,0.14806724641343272,0.9140882443357217,0.3480911404238455
61,0.3835592061259414,-0.46707947173767983,0.7939222541521385,0.04099113933278052
62,0.021275461611239388,0.8719638661249911,0.26577021292757674,0.30223375358776844
63,0.09627441121189761,0.04893728784813378,-0.373850606965477,0.02175522532704517
64,0.7317797225571943,-0.4664683917921768,0.3702981361382256,0.1415684174110683
65,-0.38029701950347805,0.7590531075284994,0.7414441272813308,0.616762378470463
66,-0.5764167948013363,0.6371554358174973,0.6498877020047262,0.556964149970459
67,0.33441342435808985,-0.6408965640952771,0.7273673942990657,0.05981095998521043
68,-0.3716371452581966,-0.1145614173280105,-0.880484061523195,0.11027610126005395
69,-0.5478202797189435,0.08566916507711042,0.8633099383995442,0.2813324456161438
70,0.21244400625639237,0.38667311095331613,-0.17643149610069342,0.006524949876225625
71,0.5068153114682685,-0.5568420604627204,0.4553179882620566,0.1025240166975505
72,0.14604231687524782,0.5201610331034339,0.4473535717659356,0.16153446181474956
73,-0.031431256898101,-0.5984008182612881,-0.7448739637404183,0.34522871838204494
74,0.8489600927941954,0.9088266309012603,0.26876210082253493,0.1352328097461336
75,0.008721345014356174,-0.8589928969552554,-0.9916427538757975,0.6852301324979106
76,-0.8722629843753855,0.242203782986798,-0.32932858792864894,0.11136444455500005
77,0.09040137107109003,-0.07216751865352866,-0.9214717246193744,0.17836869468486108
78,0.0897586132367707,0.4027904265808977,-0.6616513340955104,0.013305362043593078
79,-0.01600315896869997,-0.4369994821540639,0.21639003111254196,0.022925202937862165
80,0.11699527102435625,-0.7452407447892424,0.7620335860965177,0.04447961880770109
81,-0.4679246263693284,0.9727041542404793,-0.7100649220627033,0.19259603214639676
82,-0.8716739477750532,-0.3821552342684238,0.22728259071738344,0.03652598413664233
83,0.4752559429395877,0.5650267873802988,0.6925521672762405,0.19678274748552949
84,0.6112721629600184,-0.37521751842360906,-0.9439214984082676,0.5318110291516464
85,-0.0962206144948019,-0.287896174012058,-0.9652894365196993,0.25132784091592664
86,-0.43619489854606797,0.6358059768127939,-0.9773337976047798,0.06408793626510591
87,-0.9505502194910356,0.4891076257448703,0.921263284658703,0.7791693699776947
88,-0.970767243132074,-0.2618933641299357,-0.0024633299659546637,0.051863002677754316
89,-0.17788102035693099,-0.09632653510014255,0.4196788097682034,0.026566434892231428
90,0.4082253768422799,-0.26410524501382304,-0.5391879435848759,0.21161709857067887
91,0.33099492323189095,0.3158912455064551,0.5983827469370218,0.10115367698765093
92,-0.12261525066222045,0.18990515150747567,-0.7315499638301095,0.035573515324755715
93,0.9565181697776552,-0.8834553921522623,0.34809758352365083,0.4378161101049488
94,-0.6074210354008653,0.5739845424270089,-0.7311566610929381,0.09405943535454356
95,0.8400092509034864,0.6650609098709335,0.6985209311098719,0.1808535242536476
96,0.2426757638148851,0.5748334410940421,-0.13335514410517035,0.03391116501087961
97,0.4963555537116797,-0.4478253312873759,0.6813304539347784,0.05437951606329261
98,-0.3794477819291162,-0.06046986637299434,0.10749142745344087,0.01758235467688218
99,0.4475827811357631,-0.6754204118813065,0.0017763550331220124,0.24522847841268247
