1.107701010583823642e-01 6.079806991445065867e-01 4.583917602801081959e-01 1.219344174600546088e-01 -2.410533090092281117e-01 3.340212057231780052e-01 1.912741567969968304e-01
4.525754467439528916e-01 4.244566638052247320e-01 4.321411173288682850e-01 1.127789957358587072e-02 4.862365011975326723e-02 -1.048871056858899087e-01 -8.341328869647601785e-02
2.609407249147092100e-01 1.786712342184267888e-01 6.521130053126138471e-01 1.083091764697063225e-02 3.486129544091831622e-02 -8.951467539816025665e-02 -6.310312837282625043e-02
9.239760235212270967e-01 9.805727452791801468e-02 9.406036499047212285e-01 2.052464457383674779e-01 3.041543982579040240e-01 -3.797517953097789833e-01 -1.732763634567001110e-01
7.764389002301069764e-01 2.134186696340706346e-01 1.973803355698190432e-01 4.752002676644855317e-01 4.199025319620335872e-01 -7.204491850622189997e-01 -5.044470189877673372e-01
4.514031475942741345e-01 7.327973534259378807e-01 7.307004260989155009e-01 1.980433255991043695e-01 -2.511171954338202728e-01 4.626063470656172072e-01 3.387349055334839543e-01
9.715541998256012057e-01 4.245596379511809015e-01 6.252236563912421108e-01 1.126679879507937604e-01 2.309000452845117457e-01 -2.868648237833533177e-01 -1.425855531046039126e-01
4.699132719914566048e-01 1.091400987681927504e-01 4.197731809838720629e-01 2.043747228119938142e-01 2.605640639175283435e-01 -4.740693330045790965e-01 -3.355430339481749180e-01
7.961014950510699739e-01 3.844192150937142394e-02 7.531941925891253442e-01 2.621952533813470265e-01 3.457575208419356172e-01 -5.065049525063525238e-01 -2.921295995518720101e-01
9.429200635523677931e-01 6.297119819471236335e-01 2.498567491177576816e-01 1.083703221158171109e-01 2.186115035139706564e-01 -3.254060830625271628e-01 -2.148847465132114332e-01
8.941865473722491187e-01 1.475061847227212564e-01 6.579553151610546546e-01 2.760191373519355063e-01 3.573171715509808055e-01 -5.197818307470228882e-01 -3.042022701255536199e-01
4.196586610241130888e-01 5.229398593383743910e-01 5.610376349871398771e-01 1.391663691378713930e-02 -7.449382802803575232e-02 1.222758201332016514e-01 8.399265324279744926e-02
7.106825235090198367e-01 5.470465621619130525e-01 4.307050152749537508e-01 1.959625430993001960e-02 9.588607388910445894e-02 -1.334522044508324456e-01 -8.187030776400518184e-02
4.688664321092324005e-01 7.885248207070456594e-01 4.134625349389536852e-01 6.904811215026192273e-02 -1.670931346563443720e-01 2.735245003676282094e-01 1.741754362525405053e-01
6.505924412461122630e-01 4.478132360697445469e-01 9.944509831730123928e-01 8.740494385174150949e-02 -6.728616563141907869e-02 2.206934799569603145e-01 2.205577783178729878e-01
9.548969147715049566e-01 5.343512931368039620e-01 7.760013574915003431e-02 3.062985921600870354e-01 3.448257853457190603e-01 -5.686433432574112823e-01 -4.000286334060908500e-01
3.425609434207117499e-01 5.618305648688320941e-01 3.051149837720570357e-01 1.282732900692618722e-02 -4.676689807946502603e-02 2.065553689367222168e-02 -2.148574201032062841e-02
3.870687687715594905e-01 9.815139455920529610e-01 5.853223914693218566e-01 4.048269063640594911e-01 -3.884750783903753169e-01 6.686077027675324524e-01 4.572305554874577793e-01
6.315706162822110059e-01 1.117462940237792246e-01 7.563723351892471802e-01 1.072483861463654764e-01 2.191262294827857060e-01 -3.190160629377043477e-01 -1.772475005083728739e-01
8.516210427978920805e-01 5.443599367460605354e-01 3.658568314009351674e-01 7.731568516614366338e-02 1.880789321308809769e-01 -2.744944785215768235e-01 -1.741403074810936868e-01
1.235838404575186900e-01 6.931188921980735440e-02 3.919109411718975089e-01 1.178317431402481213e-01 1.287699156973879377e-01 -3.203160908738156287e-01 -2.622512264243890279e-01
8.154545378262724187e-01 2.907045327012738323e-01 2.682334174595771836e-01 3.381692259606000617e-01 3.650840411430067434e-01 -6.060573844728989190e-01 -4.148861494482927181e-01
3.643393522421007891e-01 5.708621004569691681e-01 9.951526246178341584e-01 2.815335676567191081e-01 -2.830785515306614153e-01 5.382766875588592681e-01 4.139885786538514689e-01
7.668285584841445512e-01 7.505035367820639403e-01 3.184557154338363283e-01 5.176587803389146730e-03 3.354788452365439766e-02 -2.863731715150852342e-02 -1.872162141746608333e-02
7.972198188287120679e-01 8.652732895514713141e-01 4.577331097371539759e-01 3.949990731516755949e-02 -7.301709836063108305e-02 1.843800653098072728e-01 1.454348044980098287e-01
5.270679958301507373e-01 4.714547016158965320e-02 4.496452875334917554e-01 2.797683008726021270e-01 3.168171017640579179e-01 -5.562122205527448848e-01 -3.834690401059031029e-01
2.748106624194340819e-01 8.845485939990678226e-01 4.197595003508146627e-01 2.422953120092782020e-01 -3.233835814519401830e-01 5.071668610180209980e-01 3.185115486749755531e-01
2.885049121422562646e-01 7.416239985856880601e-01 3.531281223965595517e-01 8.902135726730300846e-02 -2.031867084075870689e-01 2.900278102542803715e-01 1.636073092117462657e-01
4.205940350043031462e-01 5.810400554348460478e-01 6.066760071573293889e-01 4.461312631062959444e-02 -1.267070279710059422e-01 2.204535575133588776e-01 1.564200273877332514e-01
8.741511445332289520e-01 2.961114760532026491e-01 4.901116669093297240e-02 5.952517367987507635e-01 4.665117469652031446e-01 -8.028141728096396257e-01 -5.699059866958130494e-01
6.491441048339026132e-01 2.151278041733583057e-01 6.565193458356356482e-01 8.599417435757381045e-02 1.971365811060963869e-01 -2.911852352138144528e-01 -1.684019427020012616e-01
2.196591357600984340e-01 1.126812303152937567e-01 6.480844485493558738e-01 2.276625924915650842e-02 5.810307741283504690e-02 -1.394836621936676457e-01 -1.010890366445913457e-01
2.136646141312770197e-01 7.884156753255455730e-01 8.602099615173478542e-01 5.469855710409723404e-01 -4.459462931727651291e-01 7.722483486332842872e-01 5.457007276825384112e-01
4.276474825084717324e-01 8.463840894549828908e-01 8.389332247106228158e-01 4.341291683266654822e-01 -3.721507577625302599e-01 6.850773416482869305e-01 5.012882200266608468e-01
7.997822181605601655e-01 7.692451391272187022e-01 4.413681646531564251e-01 1.204488561428822269e-02 -5.378167658789873018e-03 6.414565164127568331e-02 6.163443860326436874e-02
2.023773176720089495e-03 6.918416998037457688e-01 2.569276331180413431e-01 1.631349476401223464e-01 -2.760070407198791931e-01 3.433081242174803593e-01 1.652627639078663724e-01
7.336246775704376999e-01 3.030487001696661187e-01 3.502326406738274223e-01 2.105541996194937315e-01 2.892464192948639434e-01 -4.787258212015100822e-01 -3.251270880679584807e-01
9.805270048274604688e-01 8.071556160995077001e-01 5.806658029272109278e-01 4.344421402419551548e-02 8.993303176625055961e-03 9.711735960934796130e-02 1.151980916726885740e-01
3.191685147657562505e-01 8.740892132571972395e-01 6.960702573065258303e-01 4.160047186845863276e-01 -3.919605346834650339e-01 6.763409911002274955e-01 4.698012082795591793e-01
6.091616854514847468e-01 9.894283361721852854e-01 2.579509543168762020e-01 7.972233116867125102e-02 -1.721988411769159455e-01 2.896444946787588570e-01 1.786430352810814692e-01
3.181070526194132997e-01 4.893201949038752385e-01 4.804649550142786607e-01 1.166937831256698553e-02 -7.397624136626722302e-02 8.837560338930915138e-02 4.312987489133673913e-02
1.657779979240137092e-02 1.480142999514305613e-01 4.428066670059424004e-01 4.766514393851488396e-02 9.744050636129625298e-03 -1.271538139091844821e-01 -1.332202502359626783e-01
7.561626512804631162e-02 9.125823387881352167e-01 4.513362392355851904e-01 4.530678645046904984e-01 -4.480113067020572437e-01 6.879310085949901232e-01 4.292523064651783682e-01
5.648886970093396354e-01 1.394722182869584381e-01 9.911056347507158915e-01 3.805865060237651615e-02 8.749632343442373394e-02 -6.883294134595441260e-02 1.540389682803805504e-02
9.009575060667556201e-01 1.787855236942671455e-01 8.854254921680494439e-01 1.531731975003934321e-01 2.613343842727141042e-01 -3.175758800404425153e-01 -1.391209366043410778e-01
4.669366686419448298e-01 6.639168672458840570e-01 8.788596967385775560e-02 3.287457296718693245e-02 2.447835109011148313e-02 -1.091328957741020123e-01 -1.251416535086818105e-01
9.821664532264573477e-02 6.171722799813493809e-01 2.368861818916583317e-01 7.570561906031227084e-02 -1.755145901966641553e-01 1.847552995748452387e-01 6.256388049816562213e-02
1.212541569855968282e-01 9.318866512935064517e-01 6.661871586293147685e-01 6.520873877820804188e-01 -5.133092772070726451e-01 8.427890157658927128e-01 5.637277143780861088e-01
9.499252115120904172e-02 8.792068079411936576e-01 4.151626636938675619e-01 3.641031372161336321e-01 -4.049538154331984718e-01 6.114247377128864125e-01 3.743942359580423318e-01
7.949646738122158052e-01 1.416917635946146614e-02 6.174564871887455730e-01 3.824410136634786017e-01 4.079745158990893961e-01 -6.352062012768793231e-01 -3.958896558484206185e-01
