0.3144093894,0.021003633
0.3656352184,0.0199885919
0.307868635,0.0240285858
0.2879340881,0.0200250704
0.299834446,0.0185466161
0.3131257167,0.0214389015
0.3776091348,0.0203677773
0.176126395,0.0068103446
0.303545809,0.0208446461
0.3080007178,0.0164973379
0.2433386303,0.0105101412
0.2408726593,0.0217118865
0.3657264186,0.02664588
0.1069589567,0.0035806875
0.2301796638,0.0139031747
0.1772740442,0.0085225532
0.3389852811,0.0220506633
0.3155334425,0.0156445456
0.3757893427,0.0232492847
0.4339699032,0.0296913081
0.3481235697,0.0193714746
0.1648966183,0.0102533127
0.1656548562,0.0088759108
0.1251585476,0.017376068
0.2184322867,0.0088506424
0.3429534743,0.0204582899
0.2253571858,0.0114444231
0.2455420981,0.0177786738
0.2231777577,0.0175315801
0.3546001443,0.0345920418
0.2940862817,0.0114657652
0.3652360605,0.0278538595
0.2257153409,0.0208689376
0.2988591229,0.0150170329
0.2826244767,0.0222925517
0.3864937864,0.0268802029
0.3171325357,0.0155195556
0.3171187921,0.0172237968
0.3981678029,0.0240634387
0.2502692607,0.0180971062
0.3261991643,0.0123697497
0.2744003768,0.0131145667
0.2239318758,0.0153024657
0.3291969397,0.0162967578
0.3157765933,0.0146696266
0.2657315868,0.0143492905
0.3662375968,0.0222504059
0.437197893,0.0323565679
0.3208424857,0.0155007976
0.1148725898,0.0050183666
0.2632968231,0.0246627996
0.2342288475,0.0160756562
0.2764257144,0.0090507965
0.4486769878,0.0263467382
0.28095078,0.0127812191
0.1863568312,0.0139665977
0.2497592746,0.0172754242
0.502587553,0.0454816472
0.2487042621,0.0166380207
0.3833959937,0.017455226
0.2118635652,0.0055246282
0.3385094194,0.0185721303
0.2499022819,0.0190550115
0.3127541655,0.0265637806
0.2905063826,0.0124934266
0.4054498079,0.0222607842
0.2865301151,0.0172687097
0.3341265722,0.0200769824
0.1915637918,0.0111184162
0.4620706475,0.0265366994
0.1674450541,0.0154898158
0.2107511713,0.0126376161
0.2974043239,0.023265122
0.1466612232,0.0159595627
0.3528424769,0.0213847795
0.3837656872,0.0256596324
0.3482327045,0.0263109611
0.3223296706,0.0175093912
0.3148997472,0.0148547838
0.302829547,0.0247794477
0.4371000822,0.0247937673
0.3737382352,0.0279389832
0.2780131782,0.0106699497
0.3726639963,0.0173681567
0.2238362355,0.0103191567
0.3918367002,0.0202682967
0.2427386632,0.0152318678
0.3088958445,0.01751277
0.2102548923,0.0133996238
0.2413236922,0.0182537114
0.3808083244,0.0207756415
0.2509874225,0.0156494565
0.2703000766,0.0132805813
0.2797677684,0.0223593831
0.2566505338,0.0112181413
0.2650061993,0.01203713
0.2732807275,0.0185574613
0.3043119195,0.0134162248
0.1801277571,0.0118189935
0.1916428685,0.0070385343
0.103783447,0.0041827181
0.2591080705,0.0272691706
0.2496976404,0.016786044
0.187465742,0.0179091918
0.2963191553,0.0224292547
0.2577806103,0.0186805863
0.3194977083,0.021992179
0.3230446702,0.0287269829
0.2846668068,0.0201869369
0.3457439835,0.0266553648
0.2752841532,0.0177273687
0.3313545136,0.0186624292
0.2406013534,0.0123053806
0.3387061663,0.0181948866
0.3464233649,0.0167849678
0.3520527631,0.0241932243
0.3485299892,0.0215820197
0.3336534029,0.0163747848
0.3503218432,0.018019454
0.2975354446,0.0139097525
0.372895448,0.0198534307
0.2683601854,0.0121932845
0.2856381321,0.0128067662
0.2713124186,0.0126223327
0.299704497,0.0124988324
0.340932478,0.0182441867
0.3769636865,0.0165233735
0.3245691587,0.0182536333
0.3031480319,0.0150855326
0.3282688966,0.0182366154
0.3187035914,0.0219777668
0.2478825613,0.0163060389
0.2354039698,0.0158073185
0.2083607044,0.0094370407
0.2822597048,0.0128247124
0.1595826302,0.0106448159
0.3540455283,0.0215591471
0.2058778261,0.006010765
0.4191761112,0.0256503565
0.2920849047,0.0164052851
0.3308793242,0.0211600807
0.2483334399,0.0116495363
0.1358227927,0.0110394111
0.2219156522,0.0073532525
0.2681871213,0.0141328515
0.2478970937,0.0276613028
0.2550211082,0.0289443705
0.3218152487,0.0181088076
0.2616888022,0.0182577664
0.1979234435,0.0072120252
0.2436509803,0.0108039532
0.2973221921,0.0178694278
0.159832651,0.0113369352
0.3333115918,0.0232340553
0.3432983096,0.018384325
0.3679885226,0.0242616776
0.2531593852,0.0229798366
0.3227219128,0.0173068256
0.3841492747,0.020254777
0.1706569121,0.0118284396
0.3750498535,0.0322503833
0.2250254289,0.0072994134
0.3500547813,0.0268707518
0.3464696858,0.0124282267
0.2558592202,0.0205149957
0.2549154907,0.0135640813
0.2139308046,0.0095953149
0.2931669891,0.0149404616
0.3951276225,0.027944862
0.1067703643,0.011594039
0.3050204677,0.0323231735
0.1321135885,0.0267307701
0.314756082,0.0208761566
0.2800871033,0.0190548241
0.2894877308,0.0218972187
0.2986619002,0.0187846669
0.3108001809,0.0155783674
0.2948729197,0.0108618462
0.3105178018,0.0139383405
0.2280204122,0.010895317
0.3446522193,0.0179016603
0.2834804684,0.0146916758
0.2448776368,0.0130535737
0.2487126905,0.0115079545
0.159670154,0.0131696713
0.362789833,0.0217092232
0.3367509851,0.0265973881
0.3159165662,0.0192572836
0.3161693583,0.0211637306
0.3745188766,0.020074787
0.1937952751,0.0222827962
0.3294531295,0.0179744225
0.2048944026,0.0074922119
0.2507265364,0.0090126252
0.2218422389,0.0111575952
0.2023815206,0.0068810227
0.3225370617,0.0196971222
0.2642679902,0.0096099342
0.3141102053,0.0159199594
0.2650013092,0.0176221537
0.2381997712,0.0095438794
0.3497329781,0.0162772193
0.2449108987,0.0213254694
0.3991712864,0.0190496435
0.280784432,0.0143336821
0.2286391781,0.0085230541
0.3229955118,0.0179222429
0.3666201489,0.0317880642
0.1918609626,0.005416679
0.2605233565,0.0241537883
0.3533329234,0.0183298245
0.2918696017,0.0231536467
0.2425446301,0.0118701192
0.374537822,0.0205160458
0.3104768613,0.0198358124
0.2724952663,0.0169419602
0.2281717445,0.0110107215
0.4092906697,0.0213204395
0.2202970347,0.0191301166
0.2220871301,0.0134431941
0.3400228744,0.0230863442
0.2696710903,0.0118650789
0.4017840067,0.0223517155
0.2623132266,0.0104067112
0.1655055267,0.012920705
0.404814481,0.0263116295
0.2539275435,0.0117722875
0.2838435009,0.0145848609
0.2944248402,0.0119788574
0.2596195473,0.0148604857
0.3255457652,0.0140866269
0.338686494,0.0152698242
0.2239452974,0.0078495625
0.1560735001,0.0113806502
0.1875935156,0.0218963725
0.2604945707,0.0159197978
0.2358787963,0.0097570197
0.1942864702,0.0104675862
0.2201721019,0.0144167256
0.3007174826,0.0295777726
0.1665851235,0.0090029818
0.3672396087,0.0197294681
0.2319665489,0.0107388768
0.2129851127,0.0082166886
0.242877474,0.0079269789
0.1789128532,0.0106143378
0.3902258821,0.0217213987
0.1375459192,0.0059607718
0.2310338508,0.0111239069
0.4030424233,0.0216036134
0.2950830249,0.009919344
0.1525548231,0.0111010042
0.301904354,0.0128144401
0.2228019074,0.015077192
0.3947667358,0.0297792222
0.244266775,0.0126224709
0.3054054556,0.0224520328
0.2421565112,0.0196137568
0.3966062478,0.0250099614
0.2674705793,0.0170820384
0.3891513068,0.0304192336
0.2974386284,0.0244621317
0.1292079257,0.0069222837
0.3521568534,0.0217192814
0.1324656791,0.0129828206
0.2215653473,0.025769304
0.1898218501,0.0146812946
0.3671643297,0.0178027792
0.3316323432,0.0217243095
0.2861723786,0.0184030584
0.3982099094,0.0269713936
0.1155617674,0.0061718321
0.2736712151,0.0142411114
0.3969119126,0.0242268911
0.2747419514,0.01521327
0.4192553919,0.0248770489
0.2840707978,0.0216684291
0.2085843779,0.0118918925
0.1287579298,0.0091036436
0.3308288073,0.0197284063
0.2252236172,0.0110794247
0.3703810732,0.0219002373
0.3097176935,0.0232952284
0.1906777398,0.0246315765
0.1568653475,0.0080578262
0.2960058425,0.0122424985
0.300119695,0.0150974237
0.3602440013,0.0188210265
0.3026556131,0.0209771185
0.2931364972,0.0134571263
0.323140483,0.0199410088
0.1447425757,0.0241797572
0.2731822804,0.0223974118
0.2091621582,0.0160673233
0.2558472436,0.0340086159
0.3091357395,0.026488195
0.2161739385,0.0099526266
